  Ntot=  1024
    1      3.543763      6.137885      8.563523   513    514    769 
    2     10.632509      6.137885      8.563523   514    515    770 
    3     17.721256      6.137885      8.563523   515    516    771 
    4     24.810003      6.137885      8.563523   516    517    772 
    5     31.898750      6.137885      8.563523   517    518    773 
    6     38.987496      6.137885      8.563523   518    519    774 
    7     46.076243      6.137885      8.563523   519    520    775 
    8     53.164990      6.137885      8.563523   520    521    776 
    9     60.253737      6.137885      8.563523   521    522    777 
   10     67.342483      6.137885      8.563523   522    523    778 
   11     74.431230      6.137885      8.563523   523    524    779 
   12     81.519977      6.137885      8.563523   524    525    780 
   13     88.608724      6.137885      8.563523   525    526    781 
   14     95.697471      6.137885      8.563523   526    527    782 
   15    102.786217      6.137885      8.563523   527    528    783 
   16    109.874964      6.137885      8.563523   513    528    784 
   17      3.543763     18.413838      8.563523   529    530    785 
   18     10.632509     18.413838      8.563523   530    531    786 
   19     17.721256     18.413838      8.563523   531    532    787 
   20     24.810003     18.413838      8.563523   532    533    788 
   21     31.898750     18.413838      8.563523   533    534    789 
   22     38.987496     18.413838      8.563523   534    535    790 
   23     46.076243     18.413838      8.563523   535    536    791 
   24     53.164990     18.413838      8.563523   536    537    792 
   25     60.253737     18.413838      8.563523   537    538    793 
   26     67.342483     18.413838      8.563523   538    539    794 
   27     74.431230     18.413838      8.563523   539    540    795 
   28     81.519977     18.413838      8.563523   540    541    796 
   29     88.608724     18.413838      8.563523   541    542    797 
   30     95.697471     18.413838      8.563523   542    543    798 
   31    102.786217     18.413838      8.563523   543    544    799 
   32    109.874964     18.413838      8.563523   529    544    800 
   33      3.543763     30.689792      8.563523   545    546    801 
   34     10.632509     30.689792      8.563523   546    547    802 
   35     17.721256     30.689792      8.563523   547    548    803 
   36     24.810003     30.689792      8.563523   548    549    804 
   37     31.898750     30.689792      8.563523   549    550    805 
   38     38.987496     30.689792      8.563523   550    551    806 
   39     46.076243     30.689792      8.563523   551    552    807 
   40     53.164990     30.689792      8.563523   552    553    808 
   41     60.253737     30.689792      8.563523   553    554    809 
   42     67.342483     30.689792      8.563523   554    555    810 
   43     74.431230     30.689792      8.563523   555    556    811 
   44     81.519977     30.689792      8.563523   556    557    812 
   45     88.608724     30.689792      8.563523   557    558    813 
   46     95.697471     30.689792      8.563523   558    559    814 
   47    102.786217     30.689792      8.563523   559    560    815 
   48    109.874964     30.689792      8.563523   545    560    816 
   49      3.543763     42.965745      8.563523   561    562    817 
   50     10.632509     42.965745      8.563523   562    563    818 
   51     17.721256     42.965745      8.563523   563    564    819 
   52     24.810003     42.965745      8.563523   564    565    820 
   53     31.898750     42.965745      8.563523   565    566    821 
   54     38.987496     42.965745      8.563523   566    567    822 
   55     46.076243     42.965745      8.563523   567    568    823 
   56     53.164990     42.965745      8.563523   568    569    824 
   57     60.253737     42.965745      8.563523   569    570    825 
   58     67.342483     42.965745      8.563523   570    571    826 
   59     74.431230     42.965745      8.563523   571    572    827 
   60     81.519977     42.965745      8.563523   572    573    828 
   61     88.608724     42.965745      8.563523   573    574    829 
   62     95.697471     42.965745      8.563523   574    575    830 
   63    102.786217     42.965745      8.563523   575    576    831 
   64    109.874964     42.965745      8.563523   561    576    832 
   65      3.543763     55.241699      8.563523   577    578    833 
   66     10.632509     55.241699      8.563523   578    579    834 
   67     17.721256     55.241699      8.563523   579    580    835 
   68     24.810003     55.241699      8.563523   580    581    836 
   69     31.898750     55.241699      8.563523   581    582    837 
   70     38.987496     55.241699      8.563523   582    583    838 
   71     46.076243     55.241699      8.563523   583    584    839 
   72     53.164990     55.241699      8.563523   584    585    840 
   73     60.253737     55.241699      8.563523   585    586    841 
   74     67.342483     55.241699      8.563523   586    587    842 
   75     74.431230     55.241699      8.563523   587    588    843 
   76     81.519977     55.241699      8.563523   588    589    844 
   77     88.608724     55.241699      8.563523   589    590    845 
   78     95.697471     55.241699      8.563523   590    591    846 
   79    102.786217     55.241699      8.563523   591    592    847 
   80    109.874964     55.241699      8.563523   577    592    848 
   81      3.543763     67.517652      8.563523   593    594    849 
   82     10.632509     67.517652      8.563523   594    595    850 
   83     17.721256     67.517652      8.563523   595    596    851 
   84     24.810003     67.517652      8.563523   596    597    852 
   85     31.898750     67.517652      8.563523   597    598    853 
   86     38.987496     67.517652      8.563523   598    599    854 
   87     46.076243     67.517652      8.563523   599    600    855 
   88     53.164990     67.517652      8.563523   600    601    856 
   89     60.253737     67.517652      8.563523   601    602    857 
   90     67.342483     67.517652      8.563523   602    603    858 
   91     74.431230     67.517652      8.563523   603    604    859 
   92     81.519977     67.517652      8.563523   604    605    860 
   93     88.608724     67.517652      8.563523   605    606    861 
   94     95.697471     67.517652      8.563523   606    607    862 
   95    102.786217     67.517652      8.563523   607    608    863 
   96    109.874964     67.517652      8.563523   593    608    864 
   97      3.543763     79.793606      8.563523   609    610    865 
   98     10.632509     79.793606      8.563523   610    611    866 
   99     17.721256     79.793606      8.563523   611    612    867 
  100     24.810003     79.793606      8.563523   612    613    868 
  101     31.898750     79.793606      8.563523   613    614    869 
  102     38.987496     79.793606      8.563523   614    615    870 
  103     46.076243     79.793606      8.563523   615    616    871 
  104     53.164990     79.793606      8.563523   616    617    872 
  105     60.253737     79.793606      8.563523   617    618    873 
  106     67.342483     79.793606      8.563523   618    619    874 
  107     74.431230     79.793606      8.563523   619    620    875 
  108     81.519977     79.793606      8.563523   620    621    876 
  109     88.608724     79.793606      8.563523   621    622    877 
  110     95.697471     79.793606      8.563523   622    623    878 
  111    102.786217     79.793606      8.563523   623    624    879 
  112    109.874964     79.793606      8.563523   609    624    880 
  113      3.543763     92.069559      8.563523   625    626    881 
  114     10.632509     92.069559      8.563523   626    627    882 
  115     17.721256     92.069559      8.563523   627    628    883 
  116     24.810003     92.069559      8.563523   628    629    884 
  117     31.898750     92.069559      8.563523   629    630    885 
  118     38.987496     92.069559      8.563523   630    631    886 
  119     46.076243     92.069559      8.563523   631    632    887 
  120     53.164990     92.069559      8.563523   632    633    888 
  121     60.253737     92.069559      8.563523   633    634    889 
  122     67.342483     92.069559      8.563523   634    635    890 
  123     74.431230     92.069559      8.563523   635    636    891 
  124     81.519977     92.069559      8.563523   636    637    892 
  125     88.608724     92.069559      8.563523   637    638    893 
  126     95.697471     92.069559      8.563523   638    639    894 
  127    102.786217     92.069559      8.563523   639    640    895 
  128    109.874964     92.069559      8.563523   625    640    896 
  129      3.543763    104.345513      8.563523   641    642    897 
  130     10.632509    104.345513      8.563523   642    643    898 
  131     17.721256    104.345513      8.563523   643    644    899 
  132     24.810003    104.345513      8.563523   644    645    900 
  133     31.898750    104.345513      8.563523   645    646    901 
  134     38.987496    104.345513      8.563523   646    647    902 
  135     46.076243    104.345513      8.563523   647    648    903 
  136     53.164990    104.345513      8.563523   648    649    904 
  137     60.253737    104.345513      8.563523   649    650    905 
  138     67.342483    104.345513      8.563523   650    651    906 
  139     74.431230    104.345513      8.563523   651    652    907 
  140     81.519977    104.345513      8.563523   652    653    908 
  141     88.608724    104.345513      8.563523   653    654    909 
  142     95.697471    104.345513      8.563523   654    655    910 
  143    102.786217    104.345513      8.563523   655    656    911 
  144    109.874964    104.345513      8.563523   641    656    912 
  145      3.543763    116.621466      8.563523   657    658    913 
  146     10.632509    116.621466      8.563523   658    659    914 
  147     17.721256    116.621466      8.563523   659    660    915 
  148     24.810003    116.621466      8.563523   660    661    916 
  149     31.898750    116.621466      8.563523   661    662    917 
  150     38.987496    116.621466      8.563523   662    663    918 
  151     46.076243    116.621466      8.563523   663    664    919 
  152     53.164990    116.621466      8.563523   664    665    920 
  153     60.253737    116.621466      8.563523   665    666    921 
  154     67.342483    116.621466      8.563523   666    667    922 
  155     74.431230    116.621466      8.563523   667    668    923 
  156     81.519977    116.621466      8.563523   668    669    924 
  157     88.608724    116.621466      8.563523   669    670    925 
  158     95.697471    116.621466      8.563523   670    671    926 
  159    102.786217    116.621466      8.563523   671    672    927 
  160    109.874964    116.621466      8.563523   657    672    928 
  161      3.543763    128.897419      8.563523   673    674    929 
  162     10.632509    128.897419      8.563523   674    675    930 
  163     17.721256    128.897419      8.563523   675    676    931 
  164     24.810003    128.897419      8.563523   676    677    932 
  165     31.898750    128.897419      8.563523   677    678    933 
  166     38.987496    128.897419      8.563523   678    679    934 
  167     46.076243    128.897419      8.563523   679    680    935 
  168     53.164990    128.897419      8.563523   680    681    936 
  169     60.253737    128.897419      8.563523   681    682    937 
  170     67.342483    128.897419      8.563523   682    683    938 
  171     74.431230    128.897419      8.563523   683    684    939 
  172     81.519977    128.897419      8.563523   684    685    940 
  173     88.608724    128.897419      8.563523   685    686    941 
  174     95.697471    128.897419      8.563523   686    687    942 
  175    102.786217    128.897419      8.563523   687    688    943 
  176    109.874964    128.897419      8.563523   673    688    944 
  177      3.543763    141.173373      8.563523   689    690    945 
  178     10.632509    141.173373      8.563523   690    691    946 
  179     17.721256    141.173373      8.563523   691    692    947 
  180     24.810003    141.173373      8.563523   692    693    948 
  181     31.898750    141.173373      8.563523   693    694    949 
  182     38.987496    141.173373      8.563523   694    695    950 
  183     46.076243    141.173373      8.563523   695    696    951 
  184     53.164990    141.173373      8.563523   696    697    952 
  185     60.253737    141.173373      8.563523   697    698    953 
  186     67.342483    141.173373      8.563523   698    699    954 
  187     74.431230    141.173373      8.563523   699    700    955 
  188     81.519977    141.173373      8.563523   700    701    956 
  189     88.608724    141.173373      8.563523   701    702    957 
  190     95.697471    141.173373      8.563523   702    703    958 
  191    102.786217    141.173373      8.563523   703    704    959 
  192    109.874964    141.173373      8.563523   689    704    960 
  193      3.543763    153.449326      8.563523   705    706    961 
  194     10.632509    153.449326      8.563523   706    707    962 
  195     17.721256    153.449326      8.563523   707    708    963 
  196     24.810003    153.449326      8.563523   708    709    964 
  197     31.898750    153.449326      8.563523   709    710    965 
  198     38.987496    153.449326      8.563523   710    711    966 
  199     46.076243    153.449326      8.563523   711    712    967 
  200     53.164990    153.449326      8.563523   712    713    968 
  201     60.253737    153.449326      8.563523   713    714    969 
  202     67.342483    153.449326      8.563523   714    715    970 
  203     74.431230    153.449326      8.563523   715    716    971 
  204     81.519977    153.449326      8.563523   716    717    972 
  205     88.608724    153.449326      8.563523   717    718    973 
  206     95.697471    153.449326      8.563523   718    719    974 
  207    102.786217    153.449326      8.563523   719    720    975 
  208    109.874964    153.449326      8.563523   705    720    976 
  209      3.543763    165.725280      8.563523   721    722    977 
  210     10.632509    165.725280      8.563523   722    723    978 
  211     17.721256    165.725280      8.563523   723    724    979 
  212     24.810003    165.725280      8.563523   724    725    980 
  213     31.898750    165.725280      8.563523   725    726    981 
  214     38.987496    165.725280      8.563523   726    727    982 
  215     46.076243    165.725280      8.563523   727    728    983 
  216     53.164990    165.725280      8.563523   728    729    984 
  217     60.253737    165.725280      8.563523   729    730    985 
  218     67.342483    165.725280      8.563523   730    731    986 
  219     74.431230    165.725280      8.563523   731    732    987 
  220     81.519977    165.725280      8.563523   732    733    988 
  221     88.608724    165.725280      8.563523   733    734    989 
  222     95.697471    165.725280      8.563523   734    735    990 
  223    102.786217    165.725280      8.563523   735    736    991 
  224    109.874964    165.725280      8.563523   721    736    992 
  225      3.543763    178.001233      8.563523   737    738    993 
  226     10.632509    178.001233      8.563523   738    739    994 
  227     17.721256    178.001233      8.563523   739    740    995 
  228     24.810003    178.001233      8.563523   740    741    996 
  229     31.898750    178.001233      8.563523   741    742    997 
  230     38.987496    178.001233      8.563523   742    743    998 
  231     46.076243    178.001233      8.563523   743    744    999 
  232     53.164990    178.001233      8.563523   744    745   1000 
  233     60.253737    178.001233      8.563523   745    746   1001 
  234     67.342483    178.001233      8.563523   746    747   1002 
  235     74.431230    178.001233      8.563523   747    748   1003 
  236     81.519977    178.001233      8.563523   748    749   1004 
  237     88.608724    178.001233      8.563523   749    750   1005 
  238     95.697471    178.001233      8.563523   750    751   1006 
  239    102.786217    178.001233      8.563523   751    752   1007 
  240    109.874964    178.001233      8.563523   737    752   1008 
  241      3.543763    190.277187      8.563523   753    754   1009 
  242     10.632509    190.277187      8.563523   754    755   1010 
  243     17.721256    190.277187      8.563523   755    756   1011 
  244     24.810003    190.277187      8.563523   756    757   1012 
  245     31.898750    190.277187      8.563523   757    758   1013 
  246     38.987496    190.277187      8.563523   758    759   1014 
  247     46.076243    190.277187      8.563523   759    760   1015 
  248     53.164990    190.277187      8.563523   760    761   1016 
  249     60.253737    190.277187      8.563523   761    762   1017 
  250     67.342483    190.277187      8.563523   762    763   1018 
  251     74.431230    190.277187      8.563523   763    764   1019 
  252     81.519977    190.277187      8.563523   764    765   1020 
  253     88.608724    190.277187      8.563523   765    766   1021 
  254     95.697471    190.277187      8.563523   766    767   1022 
  255    102.786217    190.277187      8.563523   767    768   1023 
  256    109.874964    190.277187      8.563523   753    768   1024 
  257     -0.000000     12.275862      8.563523   529    769    784 
  258      7.088747     12.275862      8.563523   530    769    770 
  259     14.177494     12.275862      8.563523   531    770    771 
  260     21.266240     12.275862      8.563523   532    771    772 
  261     28.354987     12.275862      8.563523   533    772    773 
  262     35.443734     12.275862      8.563523   534    773    774 
  263     42.532481     12.275862      8.563523   535    774    775 
  264     49.621227     12.275862      8.563523   536    775    776 
  265     56.709974     12.275862      8.563523   537    776    777 
  266     63.798721     12.275862      8.563523   538    777    778 
  267     70.887468     12.275862      8.563523   539    778    779 
  268     77.976214     12.275862      8.563523   540    779    780 
  269     85.064961     12.275862      8.563523   541    780    781 
  270     92.153708     12.275862      8.563523   542    781    782 
  271     99.242455     12.275862      8.563523   543    782    783 
  272    106.331202     12.275862      8.563523   544    783    784 
  273     -0.000000     24.551815      8.563523   545    785    800 
  274      7.088747     24.551815      8.563523   546    785    786 
  275     14.177494     24.551815      8.563523   547    786    787 
  276     21.266240     24.551815      8.563523   548    787    788 
  277     28.354987     24.551815      8.563523   549    788    789 
  278     35.443734     24.551815      8.563523   550    789    790 
  279     42.532481     24.551815      8.563523   551    790    791 
  280     49.621227     24.551815      8.563523   552    791    792 
  281     56.709974     24.551815      8.563523   553    792    793 
  282     63.798721     24.551815      8.563523   554    793    794 
  283     70.887468     24.551815      8.563523   555    794    795 
  284     77.976214     24.551815      8.563523   556    795    796 
  285     85.064961     24.551815      8.563523   557    796    797 
  286     92.153708     24.551815      8.563523   558    797    798 
  287     99.242455     24.551815      8.563523   559    798    799 
  288    106.331202     24.551815      8.563523   560    799    800 
  289     -0.000000     36.827769      8.563523   561    801    816 
  290      7.088747     36.827769      8.563523   562    801    802 
  291     14.177494     36.827769      8.563523   563    802    803 
  292     21.266240     36.827769      8.563523   564    803    804 
  293     28.354987     36.827769      8.563523   565    804    805 
  294     35.443734     36.827769      8.563523   566    805    806 
  295     42.532481     36.827769      8.563523   567    806    807 
  296     49.621227     36.827769      8.563523   568    807    808 
  297     56.709974     36.827769      8.563523   569    808    809 
  298     63.798721     36.827769      8.563523   570    809    810 
  299     70.887468     36.827769      8.563523   571    810    811 
  300     77.976214     36.827769      8.563523   572    811    812 
  301     85.064961     36.827769      8.563523   573    812    813 
  302     92.153708     36.827769      8.563523   574    813    814 
  303     99.242455     36.827769      8.563523   575    814    815 
  304    106.331202     36.827769      8.563523   576    815    816 
  305     -0.000000     49.103722      8.563523   577    817    832 
  306      7.088747     49.103722      8.563523   578    817    818 
  307     14.177494     49.103722      8.563523   579    818    819 
  308     21.266240     49.103722      8.563523   580    819    820 
  309     28.354987     49.103722      8.563523   581    820    821 
  310     35.443734     49.103722      8.563523   582    821    822 
  311     42.532481     49.103722      8.563523   583    822    823 
  312     49.621227     49.103722      8.563523   584    823    824 
  313     56.709974     49.103722      8.563523   585    824    825 
  314     63.798721     49.103722      8.563523   586    825    826 
  315     70.887468     49.103722      8.563523   587    826    827 
  316     77.976214     49.103722      8.563523   588    827    828 
  317     85.064961     49.103722      8.563523   589    828    829 
  318     92.153708     49.103722      8.563523   590    829    830 
  319     99.242455     49.103722      8.563523   591    830    831 
  320    106.331202     49.103722      8.563523   592    831    832 
  321     -0.000000     61.379676      8.563523   593    833    848 
  322      7.088747     61.379676      8.563523   594    833    834 
  323     14.177494     61.379676      8.563523   595    834    835 
  324     21.266240     61.379676      8.563523   596    835    836 
  325     28.354987     61.379676      8.563523   597    836    837 
  326     35.443734     61.379676      8.563523   598    837    838 
  327     42.532481     61.379676      8.563523   599    838    839 
  328     49.621227     61.379676      8.563523   600    839    840 
  329     56.709974     61.379676      8.563523   601    840    841 
  330     63.798721     61.379676      8.563523   602    841    842 
  331     70.887468     61.379676      8.563523   603    842    843 
  332     77.976214     61.379676      8.563523   604    843    844 
  333     85.064961     61.379676      8.563523   605    844    845 
  334     92.153708     61.379676      8.563523   606    845    846 
  335     99.242455     61.379676      8.563523   607    846    847 
  336    106.331202     61.379676      8.563523   608    847    848 
  337     -0.000000     73.655629      8.563523   609    849    864 
  338      7.088747     73.655629      8.563523   610    849    850 
  339     14.177494     73.655629      8.563523   611    850    851 
  340     21.266240     73.655629      8.563523   612    851    852 
  341     28.354987     73.655629      8.563523   613    852    853 
  342     35.443734     73.655629      8.563523   614    853    854 
  343     42.532481     73.655629      8.563523   615    854    855 
  344     49.621227     73.655629      8.563523   616    855    856 
  345     56.709974     73.655629      8.563523   617    856    857 
  346     63.798721     73.655629      8.563523   618    857    858 
  347     70.887468     73.655629      8.563523   619    858    859 
  348     77.976214     73.655629      8.563523   620    859    860 
  349     85.064961     73.655629      8.563523   621    860    861 
  350     92.153708     73.655629      8.563523   622    861    862 
  351     99.242455     73.655629      8.563523   623    862    863 
  352    106.331202     73.655629      8.563523   624    863    864 
  353     -0.000000     85.931582      8.563523   625    865    880 
  354      7.088747     85.931582      8.563523   626    865    866 
  355     14.177494     85.931582      8.563523   627    866    867 
  356     21.266240     85.931582      8.563523   628    867    868 
  357     28.354987     85.931582      8.563523   629    868    869 
  358     35.443734     85.931582      8.563523   630    869    870 
  359     42.532481     85.931582      8.563523   631    870    871 
  360     49.621227     85.931582      8.563523   632    871    872 
  361     56.709974     85.931582      8.563523   633    872    873 
  362     63.798721     85.931582      8.563523   634    873    874 
  363     70.887468     85.931582      8.563523   635    874    875 
  364     77.976214     85.931582      8.563523   636    875    876 
  365     85.064961     85.931582      8.563523   637    876    877 
  366     92.153708     85.931582      8.563523   638    877    878 
  367     99.242455     85.931582      8.563523   639    878    879 
  368    106.331202     85.931582      8.563523   640    879    880 
  369     -0.000000     98.207536      8.563523   641    881    896 
  370      7.088747     98.207536      8.563523   642    881    882 
  371     14.177494     98.207536      8.563523   643    882    883 
  372     21.266240     98.207536      8.563523   644    883    884 
  373     28.354987     98.207536      8.563523   645    884    885 
  374     35.443734     98.207536      8.563523   646    885    886 
  375     42.532481     98.207536      8.563523   647    886    887 
  376     49.621227     98.207536      8.563523   648    887    888 
  377     56.709974     98.207536      8.563523   649    888    889 
  378     63.798721     98.207536      8.563523   650    889    890 
  379     70.887468     98.207536      8.563523   651    890    891 
  380     77.976214     98.207536      8.563523   652    891    892 
  381     85.064961     98.207536      8.563523   653    892    893 
  382     92.153708     98.207536      8.563523   654    893    894 
  383     99.242455     98.207536      8.563523   655    894    895 
  384    106.331202     98.207536      8.563523   656    895    896 
  385     -0.000000    110.483489      8.563523   657    897    912 
  386      7.088747    110.483489      8.563523   658    897    898 
  387     14.177494    110.483489      8.563523   659    898    899 
  388     21.266240    110.483489      8.563523   660    899    900 
  389     28.354987    110.483489      8.563523   661    900    901 
  390     35.443734    110.483489      8.563523   662    901    902 
  391     42.532481    110.483489      8.563523   663    902    903 
  392     49.621227    110.483489      8.563523   664    903    904 
  393     56.709974    110.483489      8.563523   665    904    905 
  394     63.798721    110.483489      8.563523   666    905    906 
  395     70.887468    110.483489      8.563523   667    906    907 
  396     77.976214    110.483489      8.563523   668    907    908 
  397     85.064961    110.483489      8.563523   669    908    909 
  398     92.153708    110.483489      8.563523   670    909    910 
  399     99.242455    110.483489      8.563523   671    910    911 
  400    106.331202    110.483489      8.563523   672    911    912 
  401     -0.000000    122.759443      8.563523   673    913    928 
  402      7.088747    122.759443      8.563523   674    913    914 
  403     14.177494    122.759443      8.563523   675    914    915 
  404     21.266240    122.759443      8.563523   676    915    916 
  405     28.354987    122.759443      8.563523   677    916    917 
  406     35.443734    122.759443      8.563523   678    917    918 
  407     42.532481    122.759443      8.563523   679    918    919 
  408     49.621227    122.759443      8.563523   680    919    920 
  409     56.709974    122.759443      8.563523   681    920    921 
  410     63.798721    122.759443      8.563523   682    921    922 
  411     70.887468    122.759443      8.563523   683    922    923 
  412     77.976214    122.759443      8.563523   684    923    924 
  413     85.064961    122.759443      8.563523   685    924    925 
  414     92.153708    122.759443      8.563523   686    925    926 
  415     99.242455    122.759443      8.563523   687    926    927 
  416    106.331202    122.759443      8.563523   688    927    928 
  417     -0.000000    135.035396      8.563523   689    929    944 
  418      7.088747    135.035396      8.563523   690    929    930 
  419     14.177494    135.035396      8.563523   691    930    931 
  420     21.266240    135.035396      8.563523   692    931    932 
  421     28.354987    135.035396      8.563523   693    932    933 
  422     35.443734    135.035396      8.563523   694    933    934 
  423     42.532481    135.035396      8.563523   695    934    935 
  424     49.621227    135.035396      8.563523   696    935    936 
  425     56.709974    135.035396      8.563523   697    936    937 
  426     63.798721    135.035396      8.563523   698    937    938 
  427     70.887468    135.035396      8.563523   699    938    939 
  428     77.976214    135.035396      8.563523   700    939    940 
  429     85.064961    135.035396      8.563523   701    940    941 
  430     92.153708    135.035396      8.563523   702    941    942 
  431     99.242455    135.035396      8.563523   703    942    943 
  432    106.331202    135.035396      8.563523   704    943    944 
  433     -0.000000    147.311350      8.563523   705    945    960 
  434      7.088747    147.311350      8.563523   706    945    946 
  435     14.177494    147.311350      8.563523   707    946    947 
  436     21.266240    147.311350      8.563523   708    947    948 
  437     28.354987    147.311350      8.563523   709    948    949 
  438     35.443734    147.311350      8.563523   710    949    950 
  439     42.532481    147.311350      8.563523   711    950    951 
  440     49.621227    147.311350      8.563523   712    951    952 
  441     56.709974    147.311350      8.563523   713    952    953 
  442     63.798721    147.311350      8.563523   714    953    954 
  443     70.887468    147.311350      8.563523   715    954    955 
  444     77.976214    147.311350      8.563523   716    955    956 
  445     85.064961    147.311350      8.563523   717    956    957 
  446     92.153708    147.311350      8.563523   718    957    958 
  447     99.242455    147.311350      8.563523   719    958    959 
  448    106.331202    147.311350      8.563523   720    959    960 
  449     -0.000000    159.587303      8.563523   721    961    976 
  450      7.088747    159.587303      8.563523   722    961    962 
  451     14.177494    159.587303      8.563523   723    962    963 
  452     21.266240    159.587303      8.563523   724    963    964 
  453     28.354987    159.587303      8.563523   725    964    965 
  454     35.443734    159.587303      8.563523   726    965    966 
  455     42.532481    159.587303      8.563523   727    966    967 
  456     49.621227    159.587303      8.563523   728    967    968 
  457     56.709974    159.587303      8.563523   729    968    969 
  458     63.798721    159.587303      8.563523   730    969    970 
  459     70.887468    159.587303      8.563523   731    970    971 
  460     77.976214    159.587303      8.563523   732    971    972 
  461     85.064961    159.587303      8.563523   733    972    973 
  462     92.153708    159.587303      8.563523   734    973    974 
  463     99.242455    159.587303      8.563523   735    974    975 
  464    106.331202    159.587303      8.563523   736    975    976 
  465     -0.000000    171.863256      8.563523   737    977    992 
  466      7.088747    171.863256      8.563523   738    977    978 
  467     14.177494    171.863256      8.563523   739    978    979 
  468     21.266240    171.863256      8.563523   740    979    980 
  469     28.354987    171.863256      8.563523   741    980    981 
  470     35.443734    171.863256      8.563523   742    981    982 
  471     42.532481    171.863256      8.563523   743    982    983 
  472     49.621227    171.863256      8.563523   744    983    984 
  473     56.709974    171.863256      8.563523   745    984    985 
  474     63.798721    171.863256      8.563523   746    985    986 
  475     70.887468    171.863256      8.563523   747    986    987 
  476     77.976214    171.863256      8.563523   748    987    988 
  477     85.064961    171.863256      8.563523   749    988    989 
  478     92.153708    171.863256      8.563523   750    989    990 
  479     99.242455    171.863256      8.563523   751    990    991 
  480    106.331202    171.863256      8.563523   752    991    992 
  481     -0.000000    184.139210      8.563523   753    993   1008 
  482      7.088747    184.139210      8.563523   754    993    994 
  483     14.177494    184.139210      8.563523   755    994    995 
  484     21.266240    184.139210      8.563523   756    995    996 
  485     28.354987    184.139210      8.563523   757    996    997 
  486     35.443734    184.139210      8.563523   758    997    998 
  487     42.532481    184.139210      8.563523   759    998    999 
  488     49.621227    184.139210      8.563523   760    999   1000 
  489     56.709974    184.139210      8.563523   761   1000   1001 
  490     63.798721    184.139210      8.563523   762   1001   1002 
  491     70.887468    184.139210      8.563523   763   1002   1003 
  492     77.976214    184.139210      8.563523   764   1003   1004 
  493     85.064961    184.139210      8.563523   765   1004   1005 
  494     92.153708    184.139210      8.563523   766   1005   1006 
  495     99.242455    184.139210      8.563523   767   1006   1007 
  496    106.331202    184.139210      8.563523   768   1007   1008 
  497     -0.000000    196.415163      8.563523   513   1009   1024 
  498      7.088747    196.415163      8.563523   514   1009   1010 
  499     14.177494    196.415163      8.563523   515   1010   1011 
  500     21.266240    196.415163      8.563523   516   1011   1012 
  501     28.354987    196.415163      8.563523   517   1012   1013 
  502     35.443734    196.415163      8.563523   518   1013   1014 
  503     42.532481    196.415163      8.563523   519   1014   1015 
  504     49.621227    196.415163      8.563523   520   1015   1016 
  505     56.709974    196.415163      8.563523   521   1016   1017 
  506     63.798721    196.415163      8.563523   522   1017   1018 
  507     70.887468    196.415163      8.563523   523   1018   1019 
  508     77.976214    196.415163      8.563523   524   1019   1020 
  509     85.064961    196.415163      8.563523   525   1020   1021 
  510     92.153708    196.415163      8.563523   526   1021   1022 
  511     99.242455    196.415163      8.563523   527   1022   1023 
  512    106.331202    196.415163      8.563523   528   1023   1024 
  513     -0.000000      4.092169      8.563524     1     16    497 
  514      7.088747      4.092169      8.563524     1      2    498 
  515     14.177494      4.092169      8.563524     2      3    499 
  516     21.266240      4.092169      8.563524     3      4    500 
  517     28.354987      4.092169      8.563524     4      5    501 
  518     35.443734      4.092169      8.563524     5      6    502 
  519     42.532481      4.092169      8.563524     6      7    503 
  520     49.621227      4.092169      8.563524     7      8    504 
  521     56.709974      4.092169      8.563524     8      9    505 
  522     63.798721      4.092169      8.563524     9     10    506 
  523     70.887468      4.092169      8.563524    10     11    507 
  524     77.976214      4.092169      8.563524    11     12    508 
  525     85.064961      4.092169      8.563524    12     13    509 
  526     92.153708      4.092169      8.563524    13     14    510 
  527     99.242455      4.092169      8.563524    14     15    511 
  528    106.331202      4.092169      8.563524    15     16    512 
  529     -0.000000     16.368122      8.563524    17     32    257 
  530      7.088747     16.368122      8.563524    17     18    258 
  531     14.177494     16.368122      8.563524    18     19    259 
  532     21.266240     16.368122      8.563524    19     20    260 
  533     28.354987     16.368122      8.563524    20     21    261 
  534     35.443734     16.368122      8.563524    21     22    262 
  535     42.532481     16.368122      8.563524    22     23    263 
  536     49.621227     16.368122      8.563524    23     24    264 
  537     56.709974     16.368122      8.563524    24     25    265 
  538     63.798721     16.368122      8.563524    25     26    266 
  539     70.887468     16.368122      8.563524    26     27    267 
  540     77.976214     16.368122      8.563524    27     28    268 
  541     85.064961     16.368122      8.563524    28     29    269 
  542     92.153708     16.368122      8.563524    29     30    270 
  543     99.242455     16.368122      8.563524    30     31    271 
  544    106.331202     16.368122      8.563524    31     32    272 
  545     -0.000000     28.644076      8.563524    33     48    273 
  546      7.088747     28.644076      8.563524    33     34    274 
  547     14.177494     28.644076      8.563524    34     35    275 
  548     21.266240     28.644076      8.563524    35     36    276 
  549     28.354987     28.644076      8.563524    36     37    277 
  550     35.443734     28.644076      8.563524    37     38    278 
  551     42.532481     28.644076      8.563524    38     39    279 
  552     49.621227     28.644076      8.563524    39     40    280 
  553     56.709974     28.644076      8.563524    40     41    281 
  554     63.798721     28.644076      8.563524    41     42    282 
  555     70.887468     28.644076      8.563524    42     43    283 
  556     77.976214     28.644076      8.563524    43     44    284 
  557     85.064961     28.644076      8.563524    44     45    285 
  558     92.153708     28.644076      8.563524    45     46    286 
  559     99.242455     28.644076      8.563524    46     47    287 
  560    106.331202     28.644076      8.563524    47     48    288 
  561     -0.000000     40.920029      8.563524    49     64    289 
  562      7.088747     40.920029      8.563524    49     50    290 
  563     14.177494     40.920029      8.563524    50     51    291 
  564     21.266240     40.920029      8.563524    51     52    292 
  565     28.354987     40.920029      8.563524    52     53    293 
  566     35.443734     40.920029      8.563524    53     54    294 
  567     42.532481     40.920029      8.563524    54     55    295 
  568     49.621227     40.920029      8.563524    55     56    296 
  569     56.709974     40.920029      8.563524    56     57    297 
  570     63.798721     40.920029      8.563524    57     58    298 
  571     70.887468     40.920029      8.563524    58     59    299 
  572     77.976214     40.920029      8.563524    59     60    300 
  573     85.064961     40.920029      8.563524    60     61    301 
  574     92.153708     40.920029      8.563524    61     62    302 
  575     99.242455     40.920029      8.563524    62     63    303 
  576    106.331202     40.920029      8.563524    63     64    304 
  577     -0.000000     53.195982      8.563524    65     80    305 
  578      7.088747     53.195982      8.563524    65     66    306 
  579     14.177494     53.195982      8.563524    66     67    307 
  580     21.266240     53.195982      8.563524    67     68    308 
  581     28.354987     53.195982      8.563524    68     69    309 
  582     35.443734     53.195982      8.563524    69     70    310 
  583     42.532481     53.195982      8.563524    70     71    311 
  584     49.621227     53.195982      8.563524    71     72    312 
  585     56.709974     53.195982      8.563524    72     73    313 
  586     63.798721     53.195982      8.563524    73     74    314 
  587     70.887468     53.195982      8.563524    74     75    315 
  588     77.976214     53.195982      8.563524    75     76    316 
  589     85.064961     53.195982      8.563524    76     77    317 
  590     92.153708     53.195982      8.563524    77     78    318 
  591     99.242455     53.195982      8.563524    78     79    319 
  592    106.331202     53.195982      8.563524    79     80    320 
  593     -0.000000     65.471936      8.563524    81     96    321 
  594      7.088747     65.471936      8.563524    81     82    322 
  595     14.177494     65.471936      8.563524    82     83    323 
  596     21.266240     65.471936      8.563524    83     84    324 
  597     28.354987     65.471936      8.563524    84     85    325 
  598     35.443734     65.471936      8.563524    85     86    326 
  599     42.532481     65.471936      8.563524    86     87    327 
  600     49.621227     65.471936      8.563524    87     88    328 
  601     56.709974     65.471936      8.563524    88     89    329 
  602     63.798721     65.471936      8.563524    89     90    330 
  603     70.887468     65.471936      8.563524    90     91    331 
  604     77.976214     65.471936      8.563524    91     92    332 
  605     85.064961     65.471936      8.563524    92     93    333 
  606     92.153708     65.471936      8.563524    93     94    334 
  607     99.242455     65.471936      8.563524    94     95    335 
  608    106.331202     65.471936      8.563524    95     96    336 
  609     -0.000000     77.747889      8.563524    97    112    337 
  610      7.088747     77.747889      8.563524    97     98    338 
  611     14.177494     77.747889      8.563524    98     99    339 
  612     21.266240     77.747889      8.563524    99    100    340 
  613     28.354987     77.747889      8.563524   100    101    341 
  614     35.443734     77.747889      8.563524   101    102    342 
  615     42.532481     77.747889      8.563524   102    103    343 
  616     49.621227     77.747889      8.563524   103    104    344 
  617     56.709974     77.747889      8.563524   104    105    345 
  618     63.798721     77.747889      8.563524   105    106    346 
  619     70.887468     77.747889      8.563524   106    107    347 
  620     77.976214     77.747889      8.563524   107    108    348 
  621     85.064961     77.747889      8.563524   108    109    349 
  622     92.153708     77.747889      8.563524   109    110    350 
  623     99.242455     77.747889      8.563524   110    111    351 
  624    106.331202     77.747889      8.563524   111    112    352 
  625     -0.000000     90.023843      8.563524   113    128    353 
  626      7.088747     90.023843      8.563524   113    114    354 
  627     14.177494     90.023843      8.563524   114    115    355 
  628     21.266240     90.023843      8.563524   115    116    356 
  629     28.354987     90.023843      8.563524   116    117    357 
  630     35.443734     90.023843      8.563524   117    118    358 
  631     42.532481     90.023843      8.563524   118    119    359 
  632     49.621227     90.023843      8.563524   119    120    360 
  633     56.709974     90.023843      8.563524   120    121    361 
  634     63.798721     90.023843      8.563524   121    122    362 
  635     70.887468     90.023843      8.563524   122    123    363 
  636     77.976214     90.023843      8.563524   123    124    364 
  637     85.064961     90.023843      8.563524   124    125    365 
  638     92.153708     90.023843      8.563524   125    126    366 
  639     99.242455     90.023843      8.563524   126    127    367 
  640    106.331202     90.023843      8.563524   127    128    368 
  641     -0.000000    102.299796      8.563524   129    144    369 
  642      7.088747    102.299796      8.563524   129    130    370 
  643     14.177494    102.299796      8.563524   130    131    371 
  644     21.266240    102.299796      8.563524   131    132    372 
  645     28.354987    102.299796      8.563524   132    133    373 
  646     35.443734    102.299796      8.563524   133    134    374 
  647     42.532481    102.299796      8.563524   134    135    375 
  648     49.621227    102.299796      8.563524   135    136    376 
  649     56.709974    102.299796      8.563524   136    137    377 
  650     63.798721    102.299796      8.563524   137    138    378 
  651     70.887468    102.299796      8.563524   138    139    379 
  652     77.976214    102.299796      8.563524   139    140    380 
  653     85.064961    102.299796      8.563524   140    141    381 
  654     92.153708    102.299796      8.563524   141    142    382 
  655     99.242455    102.299796      8.563524   142    143    383 
  656    106.331202    102.299796      8.563524   143    144    384 
  657     -0.000000    114.575750      8.563524   145    160    385 
  658      7.088747    114.575750      8.563524   145    146    386 
  659     14.177494    114.575750      8.563524   146    147    387 
  660     21.266240    114.575750      8.563524   147    148    388 
  661     28.354987    114.575750      8.563524   148    149    389 
  662     35.443734    114.575750      8.563524   149    150    390 
  663     42.532481    114.575750      8.563524   150    151    391 
  664     49.621227    114.575750      8.563524   151    152    392 
  665     56.709974    114.575750      8.563524   152    153    393 
  666     63.798721    114.575750      8.563524   153    154    394 
  667     70.887468    114.575750      8.563524   154    155    395 
  668     77.976214    114.575750      8.563524   155    156    396 
  669     85.064961    114.575750      8.563524   156    157    397 
  670     92.153708    114.575750      8.563524   157    158    398 
  671     99.242455    114.575750      8.563524   158    159    399 
  672    106.331202    114.575750      8.563524   159    160    400 
  673     -0.000000    126.851703      8.563524   161    176    401 
  674      7.088747    126.851703      8.563524   161    162    402 
  675     14.177494    126.851703      8.563524   162    163    403 
  676     21.266240    126.851703      8.563524   163    164    404 
  677     28.354987    126.851703      8.563524   164    165    405 
  678     35.443734    126.851703      8.563524   165    166    406 
  679     42.532481    126.851703      8.563524   166    167    407 
  680     49.621227    126.851703      8.563524   167    168    408 
  681     56.709974    126.851703      8.563524   168    169    409 
  682     63.798721    126.851703      8.563524   169    170    410 
  683     70.887468    126.851703      8.563524   170    171    411 
  684     77.976214    126.851703      8.563524   171    172    412 
  685     85.064961    126.851703      8.563524   172    173    413 
  686     92.153708    126.851703      8.563524   173    174    414 
  687     99.242455    126.851703      8.563524   174    175    415 
  688    106.331202    126.851703      8.563524   175    176    416 
  689     -0.000000    139.127656      8.563524   177    192    417 
  690      7.088747    139.127656      8.563524   177    178    418 
  691     14.177494    139.127656      8.563524   178    179    419 
  692     21.266240    139.127656      8.563524   179    180    420 
  693     28.354987    139.127656      8.563524   180    181    421 
  694     35.443734    139.127656      8.563524   181    182    422 
  695     42.532481    139.127656      8.563524   182    183    423 
  696     49.621227    139.127656      8.563524   183    184    424 
  697     56.709974    139.127656      8.563524   184    185    425 
  698     63.798721    139.127656      8.563524   185    186    426 
  699     70.887468    139.127656      8.563524   186    187    427 
  700     77.976214    139.127656      8.563524   187    188    428 
  701     85.064961    139.127656      8.563524   188    189    429 
  702     92.153708    139.127656      8.563524   189    190    430 
  703     99.242455    139.127656      8.563524   190    191    431 
  704    106.331202    139.127656      8.563524   191    192    432 
  705     -0.000000    151.403610      8.563524   193    208    433 
  706      7.088747    151.403610      8.563524   193    194    434 
  707     14.177494    151.403610      8.563524   194    195    435 
  708     21.266240    151.403610      8.563524   195    196    436 
  709     28.354987    151.403610      8.563524   196    197    437 
  710     35.443734    151.403610      8.563524   197    198    438 
  711     42.532481    151.403610      8.563524   198    199    439 
  712     49.621227    151.403610      8.563524   199    200    440 
  713     56.709974    151.403610      8.563524   200    201    441 
  714     63.798721    151.403610      8.563524   201    202    442 
  715     70.887468    151.403610      8.563524   202    203    443 
  716     77.976214    151.403610      8.563524   203    204    444 
  717     85.064961    151.403610      8.563524   204    205    445 
  718     92.153708    151.403610      8.563524   205    206    446 
  719     99.242455    151.403610      8.563524   206    207    447 
  720    106.331202    151.403610      8.563524   207    208    448 
  721     -0.000000    163.679563      8.563524   209    224    449 
  722      7.088747    163.679563      8.563524   209    210    450 
  723     14.177494    163.679563      8.563524   210    211    451 
  724     21.266240    163.679563      8.563524   211    212    452 
  725     28.354987    163.679563      8.563524   212    213    453 
  726     35.443734    163.679563      8.563524   213    214    454 
  727     42.532481    163.679563      8.563524   214    215    455 
  728     49.621227    163.679563      8.563524   215    216    456 
  729     56.709974    163.679563      8.563524   216    217    457 
  730     63.798721    163.679563      8.563524   217    218    458 
  731     70.887468    163.679563      8.563524   218    219    459 
  732     77.976214    163.679563      8.563524   219    220    460 
  733     85.064961    163.679563      8.563524   220    221    461 
  734     92.153708    163.679563      8.563524   221    222    462 
  735     99.242455    163.679563      8.563524   222    223    463 
  736    106.331202    163.679563      8.563524   223    224    464 
  737     -0.000000    175.955517      8.563524   225    240    465 
  738      7.088747    175.955517      8.563524   225    226    466 
  739     14.177494    175.955517      8.563524   226    227    467 
  740     21.266240    175.955517      8.563524   227    228    468 
  741     28.354987    175.955517      8.563524   228    229    469 
  742     35.443734    175.955517      8.563524   229    230    470 
  743     42.532481    175.955517      8.563524   230    231    471 
  744     49.621227    175.955517      8.563524   231    232    472 
  745     56.709974    175.955517      8.563524   232    233    473 
  746     63.798721    175.955517      8.563524   233    234    474 
  747     70.887468    175.955517      8.563524   234    235    475 
  748     77.976214    175.955517      8.563524   235    236    476 
  749     85.064961    175.955517      8.563524   236    237    477 
  750     92.153708    175.955517      8.563524   237    238    478 
  751     99.242455    175.955517      8.563524   238    239    479 
  752    106.331202    175.955517      8.563524   239    240    480 
  753     -0.000000    188.231470      8.563524   241    256    481 
  754      7.088747    188.231470      8.563524   241    242    482 
  755     14.177494    188.231470      8.563524   242    243    483 
  756     21.266240    188.231470      8.563524   243    244    484 
  757     28.354987    188.231470      8.563524   244    245    485 
  758     35.443734    188.231470      8.563524   245    246    486 
  759     42.532481    188.231470      8.563524   246    247    487 
  760     49.621227    188.231470      8.563524   247    248    488 
  761     56.709974    188.231470      8.563524   248    249    489 
  762     63.798721    188.231470      8.563524   249    250    490 
  763     70.887468    188.231470      8.563524   250    251    491 
  764     77.976214    188.231470      8.563524   251    252    492 
  765     85.064961    188.231470      8.563524   252    253    493 
  766     92.153708    188.231470      8.563524   253    254    494 
  767     99.242455    188.231470      8.563524   254    255    495 
  768    106.331202    188.231470      8.563524   255    256    496 
  769      3.544176     10.230145      8.563524     1    257    258 
  770     10.632923     10.230145      8.563524     2    258    259 
  771     17.721669     10.230145      8.563524     3    259    260 
  772     24.810416     10.230145      8.563524     4    260    261 
  773     31.899163     10.230145      8.563524     5    261    262 
  774     38.987910     10.230145      8.563524     6    262    263 
  775     46.076656     10.230145      8.563524     7    263    264 
  776     53.165403     10.230145      8.563524     8    264    265 
  777     60.254150     10.230145      8.563524     9    265    266 
  778     67.342897     10.230145      8.563524    10    266    267 
  779     74.431643     10.230145      8.563524    11    267    268 
  780     81.520390     10.230145      8.563524    12    268    269 
  781     88.609137     10.230145      8.563524    13    269    270 
  782     95.697884     10.230145      8.563524    14    270    271 
  783    102.786631     10.230145      8.563524    15    271    272 
  784    109.875377     10.230145      8.563524    16    257    272 
  785      3.544176     22.506099      8.563524    17    273    274 
  786     10.632923     22.506099      8.563524    18    274    275 
  787     17.721669     22.506099      8.563524    19    275    276 
  788     24.810416     22.506099      8.563524    20    276    277 
  789     31.899163     22.506099      8.563524    21    277    278 
  790     38.987910     22.506099      8.563524    22    278    279 
  791     46.076656     22.506099      8.563524    23    279    280 
  792     53.165403     22.506099      8.563524    24    280    281 
  793     60.254150     22.506099      8.563524    25    281    282 
  794     67.342897     22.506099      8.563524    26    282    283 
  795     74.431643     22.506099      8.563524    27    283    284 
  796     81.520390     22.506099      8.563524    28    284    285 
  797     88.609137     22.506099      8.563524    29    285    286 
  798     95.697884     22.506099      8.563524    30    286    287 
  799    102.786631     22.506099      8.563524    31    287    288 
  800    109.875377     22.506099      8.563524    32    273    288 
  801      3.544176     34.782052      8.563524    33    289    290 
  802     10.632923     34.782052      8.563524    34    290    291 
  803     17.721669     34.782052      8.563524    35    291    292 
  804     24.810416     34.782052      8.563524    36    292    293 
  805     31.899163     34.782052      8.563524    37    293    294 
  806     38.987910     34.782052      8.563524    38    294    295 
  807     46.076656     34.782052      8.563524    39    295    296 
  808     53.165403     34.782052      8.563524    40    296    297 
  809     60.254150     34.782052      8.563524    41    297    298 
  810     67.342897     34.782052      8.563524    42    298    299 
  811     74.431643     34.782052      8.563524    43    299    300 
  812     81.520390     34.782052      8.563524    44    300    301 
  813     88.609137     34.782052      8.563524    45    301    302 
  814     95.697884     34.782052      8.563524    46    302    303 
  815    102.786631     34.782052      8.563524    47    303    304 
  816    109.875377     34.782052      8.563524    48    289    304 
  817      3.544176     47.058006      8.563524    49    305    306 
  818     10.632923     47.058006      8.563524    50    306    307 
  819     17.721669     47.058006      8.563524    51    307    308 
  820     24.810416     47.058006      8.563524    52    308    309 
  821     31.899163     47.058006      8.563524    53    309    310 
  822     38.987910     47.058006      8.563524    54    310    311 
  823     46.076656     47.058006      8.563524    55    311    312 
  824     53.165403     47.058006      8.563524    56    312    313 
  825     60.254150     47.058006      8.563524    57    313    314 
  826     67.342897     47.058006      8.563524    58    314    315 
  827     74.431643     47.058006      8.563524    59    315    316 
  828     81.520390     47.058006      8.563524    60    316    317 
  829     88.609137     47.058006      8.563524    61    317    318 
  830     95.697884     47.058006      8.563524    62    318    319 
  831    102.786631     47.058006      8.563524    63    319    320 
  832    109.875377     47.058006      8.563524    64    305    320 
  833      3.544176     59.333959      8.563524    65    321    322 
  834     10.632923     59.333959      8.563524    66    322    323 
  835     17.721669     59.333959      8.563524    67    323    324 
  836     24.810416     59.333959      8.563524    68    324    325 
  837     31.899163     59.333959      8.563524    69    325    326 
  838     38.987910     59.333959      8.563524    70    326    327 
  839     46.076656     59.333959      8.563524    71    327    328 
  840     53.165403     59.333959      8.563524    72    328    329 
  841     60.254150     59.333959      8.563524    73    329    330 
  842     67.342897     59.333959      8.563524    74    330    331 
  843     74.431643     59.333959      8.563524    75    331    332 
  844     81.520390     59.333959      8.563524    76    332    333 
  845     88.609137     59.333959      8.563524    77    333    334 
  846     95.697884     59.333959      8.563524    78    334    335 
  847    102.786631     59.333959      8.563524    79    335    336 
  848    109.875377     59.333959      8.563524    80    321    336 
  849      3.544176     71.609913      8.563524    81    337    338 
  850     10.632923     71.609913      8.563524    82    338    339 
  851     17.721669     71.609913      8.563524    83    339    340 
  852     24.810416     71.609913      8.563524    84    340    341 
  853     31.899163     71.609913      8.563524    85    341    342 
  854     38.987910     71.609913      8.563524    86    342    343 
  855     46.076656     71.609913      8.563524    87    343    344 
  856     53.165403     71.609913      8.563524    88    344    345 
  857     60.254150     71.609913      8.563524    89    345    346 
  858     67.342897     71.609913      8.563524    90    346    347 
  859     74.431643     71.609913      8.563524    91    347    348 
  860     81.520390     71.609913      8.563524    92    348    349 
  861     88.609137     71.609913      8.563524    93    349    350 
  862     95.697884     71.609913      8.563524    94    350    351 
  863    102.786631     71.609913      8.563524    95    351    352 
  864    109.875377     71.609913      8.563524    96    337    352 
  865      3.544176     83.885866      8.563524    97    353    354 
  866     10.632923     83.885866      8.563524    98    354    355 
  867     17.721669     83.885866      8.563524    99    355    356 
  868     24.810416     83.885866      8.563524   100    356    357 
  869     31.899163     83.885866      8.563524   101    357    358 
  870     38.987910     83.885866      8.563524   102    358    359 
  871     46.076656     83.885866      8.563524   103    359    360 
  872     53.165403     83.885866      8.563524   104    360    361 
  873     60.254150     83.885866      8.563524   105    361    362 
  874     67.342897     83.885866      8.563524   106    362    363 
  875     74.431643     83.885866      8.563524   107    363    364 
  876     81.520390     83.885866      8.563524   108    364    365 
  877     88.609137     83.885866      8.563524   109    365    366 
  878     95.697884     83.885866      8.563524   110    366    367 
  879    102.786631     83.885866      8.563524   111    367    368 
  880    109.875377     83.885866      8.563524   112    353    368 
  881      3.544176     96.161819      8.563524   113    369    370 
  882     10.632923     96.161819      8.563524   114    370    371 
  883     17.721669     96.161819      8.563524   115    371    372 
  884     24.810416     96.161819      8.563524   116    372    373 
  885     31.899163     96.161819      8.563524   117    373    374 
  886     38.987910     96.161819      8.563524   118    374    375 
  887     46.076656     96.161819      8.563524   119    375    376 
  888     53.165403     96.161819      8.563524   120    376    377 
  889     60.254150     96.161819      8.563524   121    377    378 
  890     67.342897     96.161819      8.563524   122    378    379 
  891     74.431643     96.161819      8.563524   123    379    380 
  892     81.520390     96.161819      8.563524   124    380    381 
  893     88.609137     96.161819      8.563524   125    381    382 
  894     95.697884     96.161819      8.563524   126    382    383 
  895    102.786631     96.161819      8.563524   127    383    384 
  896    109.875377     96.161819      8.563524   128    369    384 
  897      3.544176    108.437773      8.563524   129    385    386 
  898     10.632923    108.437773      8.563524   130    386    387 
  899     17.721669    108.437773      8.563524   131    387    388 
  900     24.810416    108.437773      8.563524   132    388    389 
  901     31.899163    108.437773      8.563524   133    389    390 
  902     38.987910    108.437773      8.563524   134    390    391 
  903     46.076656    108.437773      8.563524   135    391    392 
  904     53.165403    108.437773      8.563524   136    392    393 
  905     60.254150    108.437773      8.563524   137    393    394 
  906     67.342897    108.437773      8.563524   138    394    395 
  907     74.431643    108.437773      8.563524   139    395    396 
  908     81.520390    108.437773      8.563524   140    396    397 
  909     88.609137    108.437773      8.563524   141    397    398 
  910     95.697884    108.437773      8.563524   142    398    399 
  911    102.786631    108.437773      8.563524   143    399    400 
  912    109.875377    108.437773      8.563524   144    385    400 
  913      3.544176    120.713726      8.563524   145    401    402 
  914     10.632923    120.713726      8.563524   146    402    403 
  915     17.721669    120.713726      8.563524   147    403    404 
  916     24.810416    120.713726      8.563524   148    404    405 
  917     31.899163    120.713726      8.563524   149    405    406 
  918     38.987910    120.713726      8.563524   150    406    407 
  919     46.076656    120.713726      8.563524   151    407    408 
  920     53.165403    120.713726      8.563524   152    408    409 
  921     60.254150    120.713726      8.563524   153    409    410 
  922     67.342897    120.713726      8.563524   154    410    411 
  923     74.431643    120.713726      8.563524   155    411    412 
  924     81.520390    120.713726      8.563524   156    412    413 
  925     88.609137    120.713726      8.563524   157    413    414 
  926     95.697884    120.713726      8.563524   158    414    415 
  927    102.786631    120.713726      8.563524   159    415    416 
  928    109.875377    120.713726      8.563524   160    401    416 
  929      3.544176    132.989680      8.563524   161    417    418 
  930     10.632923    132.989680      8.563524   162    418    419 
  931     17.721669    132.989680      8.563524   163    419    420 
  932     24.810416    132.989680      8.563524   164    420    421 
  933     31.899163    132.989680      8.563524   165    421    422 
  934     38.987910    132.989680      8.563524   166    422    423 
  935     46.076656    132.989680      8.563524   167    423    424 
  936     53.165403    132.989680      8.563524   168    424    425 
  937     60.254150    132.989680      8.563524   169    425    426 
  938     67.342897    132.989680      8.563524   170    426    427 
  939     74.431643    132.989680      8.563524   171    427    428 
  940     81.520390    132.989680      8.563524   172    428    429 
  941     88.609137    132.989680      8.563524   173    429    430 
  942     95.697884    132.989680      8.563524   174    430    431 
  943    102.786631    132.989680      8.563524   175    431    432 
  944    109.875377    132.989680      8.563524   176    417    432 
  945      3.544176    145.265633      8.563524   177    433    434 
  946     10.632923    145.265633      8.563524   178    434    435 
  947     17.721669    145.265633      8.563524   179    435    436 
  948     24.810416    145.265633      8.563524   180    436    437 
  949     31.899163    145.265633      8.563524   181    437    438 
  950     38.987910    145.265633      8.563524   182    438    439 
  951     46.076656    145.265633      8.563524   183    439    440 
  952     53.165403    145.265633      8.563524   184    440    441 
  953     60.254150    145.265633      8.563524   185    441    442 
  954     67.342897    145.265633      8.563524   186    442    443 
  955     74.431643    145.265633      8.563524   187    443    444 
  956     81.520390    145.265633      8.563524   188    444    445 
  957     88.609137    145.265633      8.563524   189    445    446 
  958     95.697884    145.265633      8.563524   190    446    447 
  959    102.786631    145.265633      8.563524   191    447    448 
  960    109.875377    145.265633      8.563524   192    433    448 
  961      3.544176    157.541587      8.563524   193    449    450 
  962     10.632923    157.541587      8.563524   194    450    451 
  963     17.721669    157.541587      8.563524   195    451    452 
  964     24.810416    157.541587      8.563524   196    452    453 
  965     31.899163    157.541587      8.563524   197    453    454 
  966     38.987910    157.541587      8.563524   198    454    455 
  967     46.076656    157.541587      8.563524   199    455    456 
  968     53.165403    157.541587      8.563524   200    456    457 
  969     60.254150    157.541587      8.563524   201    457    458 
  970     67.342897    157.541587      8.563524   202    458    459 
  971     74.431643    157.541587      8.563524   203    459    460 
  972     81.520390    157.541587      8.563524   204    460    461 
  973     88.609137    157.541587      8.563524   205    461    462 
  974     95.697884    157.541587      8.563524   206    462    463 
  975    102.786631    157.541587      8.563524   207    463    464 
  976    109.875377    157.541587      8.563524   208    449    464 
  977      3.544176    169.817540      8.563524   209    465    466 
  978     10.632923    169.817540      8.563524   210    466    467 
  979     17.721669    169.817540      8.563524   211    467    468 
  980     24.810416    169.817540      8.563524   212    468    469 
  981     31.899163    169.817540      8.563524   213    469    470 
  982     38.987910    169.817540      8.563524   214    470    471 
  983     46.076656    169.817540      8.563524   215    471    472 
  984     53.165403    169.817540      8.563524   216    472    473 
  985     60.254150    169.817540      8.563524   217    473    474 
  986     67.342897    169.817540      8.563524   218    474    475 
  987     74.431643    169.817540      8.563524   219    475    476 
  988     81.520390    169.817540      8.563524   220    476    477 
  989     88.609137    169.817540      8.563524   221    477    478 
  990     95.697884    169.817540      8.563524   222    478    479 
  991    102.786631    169.817540      8.563524   223    479    480 
  992    109.875377    169.817540      8.563524   224    465    480 
  993      3.544176    182.093493      8.563524   225    481    482 
  994     10.632923    182.093493      8.563524   226    482    483 
  995     17.721669    182.093493      8.563524   227    483    484 
  996     24.810416    182.093493      8.563524   228    484    485 
  997     31.899163    182.093493      8.563524   229    485    486 
  998     38.987910    182.093493      8.563524   230    486    487 
  999     46.076656    182.093493      8.563524   231    487    488 
 1000     53.165403    182.093493      8.563524   232    488    489 
 1001     60.254150    182.093493      8.563524   233    489    490 
 1002     67.342897    182.093493      8.563524   234    490    491 
 1003     74.431643    182.093493      8.563524   235    491    492 
 1004     81.520390    182.093493      8.563524   236    492    493 
 1005     88.609137    182.093493      8.563524   237    493    494 
 1006     95.697884    182.093493      8.563524   238    494    495 
 1007    102.786631    182.093493      8.563524   239    495    496 
 1008    109.875377    182.093493      8.563524   240    481    496 
 1009      3.544176    194.369447      8.563524   241    497    498 
 1010     10.632923    194.369447      8.563524   242    498    499 
 1011     17.721669    194.369447      8.563524   243    499    500 
 1012     24.810416    194.369447      8.563524   244    500    501 
 1013     31.899163    194.369447      8.563524   245    501    502 
 1014     38.987910    194.369447      8.563524   246    502    503 
 1015     46.076656    194.369447      8.563524   247    503    504 
 1016     53.165403    194.369447      8.563524   248    504    505 
 1017     60.254150    194.369447      8.563524   249    505    506 
 1018     67.342897    194.369447      8.563524   250    506    507 
 1019     74.431643    194.369447      8.563524   251    507    508 
 1020     81.520390    194.369447      8.563524   252    508    509 
 1021     88.609137    194.369447      8.563524   253    509    510 
 1022     95.697884    194.369447      8.563524   254    510    511 
 1023    102.786631    194.369447      8.563524   255    511    512 
 1024    109.875377    194.369447      8.563524   256    497    512 
