  Ntot=  1000
    1      3.543763      6.137885      8.563523   501    502    751 
    2     10.632509      6.137885      8.563523   502    503    752 
    3     17.721256      6.137885      8.563523   503    504    753 
    4     24.810003      6.137885      8.563523   504    505    754 
    5     31.898750      6.137885      8.563523   505    506    755 
    6     38.987496      6.137885      8.563523   506    507    756 
    7     46.076243      6.137885      8.563523   507    508    757 
    8     53.164990      6.137885      8.563523   508    509    758 
    9     60.253737      6.137885      8.563523   509    510    759 
   10     67.342483      6.137885      8.563523   510    511    760 
   11     74.431230      6.137885      8.563523   511    512    761 
   12     81.519977      6.137885      8.563523   512    513    762 
   13     88.608724      6.137885      8.563523   513    514    763 
   14     95.697471      6.137885      8.563523   514    515    764 
   15    102.786217      6.137885      8.563523   515    516    765 
   16    109.874964      6.137885      8.563523   516    517    766 
   17    116.963711      6.137885      8.563523   517    518    767 
   18    124.052458      6.137885      8.563523   518    519    768 
   19    131.141204      6.137885      8.563523   519    520    769 
   20    138.229951      6.137885      8.563523   520    521    770 
   21    145.318698      6.137885      8.563523   521    522    771 
   22    152.407445      6.137885      8.563523   522    523    772 
   23    159.496191      6.137885      8.563523   523    524    773 
   24    166.584938      6.137885      8.563523   524    525    774 
   25    173.673685      6.137885      8.563523   501    525    775 
   26      3.543763     18.413838      8.563523   526    527    776 
   27     10.632509     18.413838      8.563523   527    528    777 
   28     17.721256     18.413838      8.563523   528    529    778 
   29     24.810003     18.413838      8.563523   529    530    779 
   30     31.898750     18.413838      8.563523   530    531    780 
   31     38.987496     18.413838      8.563523   531    532    781 
   32     46.076243     18.413838      8.563523   532    533    782 
   33     53.164990     18.413838      8.563523   533    534    783 
   34     60.253737     18.413838      8.563523   534    535    784 
   35     67.342483     18.413838      8.563523   535    536    785 
   36     74.431230     18.413838      8.563523   536    537    786 
   37     81.519977     18.413838      8.563523   537    538    787 
   38     88.608724     18.413838      8.563523   538    539    788 
   39     95.697471     18.413838      8.563523   539    540    789 
   40    102.786217     18.413838      8.563523   540    541    790 
   41    109.874964     18.413838      8.563523   541    542    791 
   42    116.963711     18.413838      8.563523   542    543    792 
   43    124.052458     18.413838      8.563523   543    544    793 
   44    131.141204     18.413838      8.563523   544    545    794 
   45    138.229951     18.413838      8.563523   545    546    795 
   46    145.318698     18.413838      8.563523   546    547    796 
   47    152.407445     18.413838      8.563523   547    548    797 
   48    159.496191     18.413838      8.563523   548    549    798 
   49    166.584938     18.413838      8.563523   549    550    799 
   50    173.673685     18.413838      8.563523   526    550    800 
   51      3.543763     30.689792      8.563523   551    552    801 
   52     10.632509     30.689792      8.563523   552    553    802 
   53     17.721256     30.689792      8.563523   553    554    803 
   54     24.810003     30.689792      8.563523   554    555    804 
   55     31.898750     30.689792      8.563523   555    556    805 
   56     38.987496     30.689792      8.563523   556    557    806 
   57     46.076243     30.689792      8.563523   557    558    807 
   58     53.164990     30.689792      8.563523   558    559    808 
   59     60.253737     30.689792      8.563523   559    560    809 
   60     67.342483     30.689792      8.563523   560    561    810 
   61     74.431230     30.689792      8.563523   561    562    811 
   62     81.519977     30.689792      8.563523   562    563    812 
   63     88.608724     30.689792      8.563523   563    564    813 
   64     95.697471     30.689792      8.563523   564    565    814 
   65    102.786217     30.689792      8.563523   565    566    815 
   66    109.874964     30.689792      8.563523   566    567    816 
   67    116.963711     30.689792      8.563523   567    568    817 
   68    124.052458     30.689792      8.563523   568    569    818 
   69    131.141204     30.689792      8.563523   569    570    819 
   70    138.229951     30.689792      8.563523   570    571    820 
   71    145.318698     30.689792      8.563523   571    572    821 
   72    152.407445     30.689792      8.563523   572    573    822 
   73    159.496191     30.689792      8.563523   573    574    823 
   74    166.584938     30.689792      8.563523   574    575    824 
   75    173.673685     30.689792      8.563523   551    575    825 
   76      3.543763     42.965745      8.563523   576    577    826 
   77     10.632509     42.965745      8.563523   577    578    827 
   78     17.721256     42.965745      8.563523   578    579    828 
   79     24.810003     42.965745      8.563523   579    580    829 
   80     31.898750     42.965745      8.563523   580    581    830 
   81     38.987496     42.965745      8.563523   581    582    831 
   82     46.076243     42.965745      8.563523   582    583    832 
   83     53.164990     42.965745      8.563523   583    584    833 
   84     60.253737     42.965745      8.563523   584    585    834 
   85     67.342483     42.965745      8.563523   585    586    835 
   86     74.431230     42.965745      8.563523   586    587    836 
   87     81.519977     42.965745      8.563523   587    588    837 
   88     88.608724     42.965745      8.563523   588    589    838 
   89     95.697471     42.965745      8.563523   589    590    839 
   90    102.786217     42.965745      8.563523   590    591    840 
   91    109.874964     42.965745      8.563523   591    592    841 
   92    116.963711     42.965745      8.563523   592    593    842 
   93    124.052458     42.965745      8.563523   593    594    843 
   94    131.141204     42.965745      8.563523   594    595    844 
   95    138.229951     42.965745      8.563523   595    596    845 
   96    145.318698     42.965745      8.563523   596    597    846 
   97    152.407445     42.965745      8.563523   597    598    847 
   98    159.496191     42.965745      8.563523   598    599    848 
   99    166.584938     42.965745      8.563523   599    600    849 
  100    173.673685     42.965745      8.563523   576    600    850 
  101      3.543763     55.241699      8.563523   601    602    851 
  102     10.632509     55.241699      8.563523   602    603    852 
  103     17.721256     55.241699      8.563523   603    604    853 
  104     24.810003     55.241699      8.563523   604    605    854 
  105     31.898750     55.241699      8.563523   605    606    855 
  106     38.987496     55.241699      8.563523   606    607    856 
  107     46.076243     55.241699      8.563523   607    608    857 
  108     53.164990     55.241699      8.563523   608    609    858 
  109     60.253737     55.241699      8.563523   609    610    859 
  110     67.342483     55.241699      8.563523   610    611    860 
  111     74.431230     55.241699      8.563523   611    612    861 
  112     81.519977     55.241699      8.563523   612    613    862 
  113     88.608724     55.241699      8.563523   613    614    863 
  114     95.697471     55.241699      8.563523   614    615    864 
  115    102.786217     55.241699      8.563523   615    616    865 
  116    109.874964     55.241699      8.563523   616    617    866 
  117    116.963711     55.241699      8.563523   617    618    867 
  118    124.052458     55.241699      8.563523   618    619    868 
  119    131.141204     55.241699      8.563523   619    620    869 
  120    138.229951     55.241699      8.563523   620    621    870 
  121    145.318698     55.241699      8.563523   621    622    871 
  122    152.407445     55.241699      8.563523   622    623    872 
  123    159.496191     55.241699      8.563523   623    624    873 
  124    166.584938     55.241699      8.563523   624    625    874 
  125    173.673685     55.241699      8.563523   601    625    875 
  126      3.543763     67.517652      8.563523   626    627    876 
  127     10.632509     67.517652      8.563523   627    628    877 
  128     17.721256     67.517652      8.563523   628    629    878 
  129     24.810003     67.517652      8.563523   629    630    879 
  130     31.898750     67.517652      8.563523   630    631    880 
  131     38.987496     67.517652      8.563523   631    632    881 
  132     46.076243     67.517652      8.563523   632    633    882 
  133     53.164990     67.517652      8.563523   633    634    883 
  134     60.253737     67.517652      8.563523   634    635    884 
  135     67.342483     67.517652      8.563523   635    636    885 
  136     74.431230     67.517652      8.563523   636    637    886 
  137     81.519977     67.517652      8.563523   637    638    887 
  138     88.608724     67.517652      8.563523   638    639    888 
  139     95.697471     67.517652      8.563523   639    640    889 
  140    102.786217     67.517652      8.563523   640    641    890 
  141    109.874964     67.517652      8.563523   641    642    891 
  142    116.963711     67.517652      8.563523   642    643    892 
  143    124.052458     67.517652      8.563523   643    644    893 
  144    131.141204     67.517652      8.563523   644    645    894 
  145    138.229951     67.517652      8.563523   645    646    895 
  146    145.318698     67.517652      8.563523   646    647    896 
  147    152.407445     67.517652      8.563523   647    648    897 
  148    159.496191     67.517652      8.563523   648    649    898 
  149    166.584938     67.517652      8.563523   649    650    899 
  150    173.673685     67.517652      8.563523   626    650    900 
  151      3.543763     79.793606      8.563523   651    652    901 
  152     10.632509     79.793606      8.563523   652    653    902 
  153     17.721256     79.793606      8.563523   653    654    903 
  154     24.810003     79.793606      8.563523   654    655    904 
  155     31.898750     79.793606      8.563523   655    656    905 
  156     38.987496     79.793606      8.563523   656    657    906 
  157     46.076243     79.793606      8.563523   657    658    907 
  158     53.164990     79.793606      8.563523   658    659    908 
  159     60.253737     79.793606      8.563523   659    660    909 
  160     67.342483     79.793606      8.563523   660    661    910 
  161     74.431230     79.793606      8.563523   661    662    911 
  162     81.519977     79.793606      8.563523   662    663    912 
  163     88.608724     79.793606      8.563523   663    664    913 
  164     95.697471     79.793606      8.563523   664    665    914 
  165    102.786217     79.793606      8.563523   665    666    915 
  166    109.874964     79.793606      8.563523   666    667    916 
  167    116.963711     79.793606      8.563523   667    668    917 
  168    124.052458     79.793606      8.563523   668    669    918 
  169    131.141204     79.793606      8.563523   669    670    919 
  170    138.229951     79.793606      8.563523   670    671    920 
  171    145.318698     79.793606      8.563523   671    672    921 
  172    152.407445     79.793606      8.563523   672    673    922 
  173    159.496191     79.793606      8.563523   673    674    923 
  174    166.584938     79.793606      8.563523   674    675    924 
  175    173.673685     79.793606      8.563523   651    675    925 
  176      3.543763     92.069559      8.563523   676    677    926 
  177     10.632509     92.069559      8.563523   677    678    927 
  178     17.721256     92.069559      8.563523   678    679    928 
  179     24.810003     92.069559      8.563523   679    680    929 
  180     31.898750     92.069559      8.563523   680    681    930 
  181     38.987496     92.069559      8.563523   681    682    931 
  182     46.076243     92.069559      8.563523   682    683    932 
  183     53.164990     92.069559      8.563523   683    684    933 
  184     60.253737     92.069559      8.563523   684    685    934 
  185     67.342483     92.069559      8.563523   685    686    935 
  186     74.431230     92.069559      8.563523   686    687    936 
  187     81.519977     92.069559      8.563523   687    688    937 
  188     88.608724     92.069559      8.563523   688    689    938 
  189     95.697471     92.069559      8.563523   689    690    939 
  190    102.786217     92.069559      8.563523   690    691    940 
  191    109.874964     92.069559      8.563523   691    692    941 
  192    116.963711     92.069559      8.563523   692    693    942 
  193    124.052458     92.069559      8.563523   693    694    943 
  194    131.141204     92.069559      8.563523   694    695    944 
  195    138.229951     92.069559      8.563523   695    696    945 
  196    145.318698     92.069559      8.563523   696    697    946 
  197    152.407445     92.069559      8.563523   697    698    947 
  198    159.496191     92.069559      8.563523   698    699    948 
  199    166.584938     92.069559      8.563523   699    700    949 
  200    173.673685     92.069559      8.563523   676    700    950 
  201      3.543763    104.345513      8.563523   701    702    951 
  202     10.632509    104.345513      8.563523   702    703    952 
  203     17.721256    104.345513      8.563523   703    704    953 
  204     24.810003    104.345513      8.563523   704    705    954 
  205     31.898750    104.345513      8.563523   705    706    955 
  206     38.987496    104.345513      8.563523   706    707    956 
  207     46.076243    104.345513      8.563523   707    708    957 
  208     53.164990    104.345513      8.563523   708    709    958 
  209     60.253737    104.345513      8.563523   709    710    959 
  210     67.342483    104.345513      8.563523   710    711    960 
  211     74.431230    104.345513      8.563523   711    712    961 
  212     81.519977    104.345513      8.563523   712    713    962 
  213     88.608724    104.345513      8.563523   713    714    963 
  214     95.697471    104.345513      8.563523   714    715    964 
  215    102.786217    104.345513      8.563523   715    716    965 
  216    109.874964    104.345513      8.563523   716    717    966 
  217    116.963711    104.345513      8.563523   717    718    967 
  218    124.052458    104.345513      8.563523   718    719    968 
  219    131.141204    104.345513      8.563523   719    720    969 
  220    138.229951    104.345513      8.563523   720    721    970 
  221    145.318698    104.345513      8.563523   721    722    971 
  222    152.407445    104.345513      8.563523   722    723    972 
  223    159.496191    104.345513      8.563523   723    724    973 
  224    166.584938    104.345513      8.563523   724    725    974 
  225    173.673685    104.345513      8.563523   701    725    975 
  226      3.543763    116.621466      8.563523   726    727    976 
  227     10.632509    116.621466      8.563523   727    728    977 
  228     17.721256    116.621466      8.563523   728    729    978 
  229     24.810003    116.621466      8.563523   729    730    979 
  230     31.898750    116.621466      8.563523   730    731    980 
  231     38.987496    116.621466      8.563523   731    732    981 
  232     46.076243    116.621466      8.563523   732    733    982 
  233     53.164990    116.621466      8.563523   733    734    983 
  234     60.253737    116.621466      8.563523   734    735    984 
  235     67.342483    116.621466      8.563523   735    736    985 
  236     74.431230    116.621466      8.563523   736    737    986 
  237     81.519977    116.621466      8.563523   737    738    987 
  238     88.608724    116.621466      8.563523   738    739    988 
  239     95.697471    116.621466      8.563523   739    740    989 
  240    102.786217    116.621466      8.563523   740    741    990 
  241    109.874964    116.621466      8.563523   741    742    991 
  242    116.963711    116.621466      8.563523   742    743    992 
  243    124.052458    116.621466      8.563523   743    744    993 
  244    131.141204    116.621466      8.563523   744    745    994 
  245    138.229951    116.621466      8.563523   745    746    995 
  246    145.318698    116.621466      8.563523   746    747    996 
  247    152.407445    116.621466      8.563523   747    748    997 
  248    159.496191    116.621466      8.563523   748    749    998 
  249    166.584938    116.621466      8.563523   749    750    999 
  250    173.673685    116.621466      8.563523   726    750   1000 
  251     -0.000000     12.275862      8.563523   526    751    775 
  252      7.088747     12.275862      8.563523   527    751    752 
  253     14.177494     12.275862      8.563523   528    752    753 
  254     21.266240     12.275862      8.563523   529    753    754 
  255     28.354987     12.275862      8.563523   530    754    755 
  256     35.443734     12.275862      8.563523   531    755    756 
  257     42.532481     12.275862      8.563523   532    756    757 
  258     49.621227     12.275862      8.563523   533    757    758 
  259     56.709974     12.275862      8.563523   534    758    759 
  260     63.798721     12.275862      8.563523   535    759    760 
  261     70.887468     12.275862      8.563523   536    760    761 
  262     77.976214     12.275862      8.563523   537    761    762 
  263     85.064961     12.275862      8.563523   538    762    763 
  264     92.153708     12.275862      8.563523   539    763    764 
  265     99.242455     12.275862      8.563523   540    764    765 
  266    106.331202     12.275862      8.563523   541    765    766 
  267    113.419948     12.275862      8.563523   542    766    767 
  268    120.508695     12.275862      8.563523   543    767    768 
  269    127.597442     12.275862      8.563523   544    768    769 
  270    134.686189     12.275862      8.563523   545    769    770 
  271    141.774935     12.275862      8.563523   546    770    771 
  272    148.863682     12.275862      8.563523   547    771    772 
  273    155.952429     12.275862      8.563523   548    772    773 
  274    163.041176     12.275862      8.563523   549    773    774 
  275    170.129922     12.275862      8.563523   550    774    775 
  276     -0.000000     24.551815      8.563523   551    776    800 
  277      7.088747     24.551815      8.563523   552    776    777 
  278     14.177494     24.551815      8.563523   553    777    778 
  279     21.266240     24.551815      8.563523   554    778    779 
  280     28.354987     24.551815      8.563523   555    779    780 
  281     35.443734     24.551815      8.563523   556    780    781 
  282     42.532481     24.551815      8.563523   557    781    782 
  283     49.621227     24.551815      8.563523   558    782    783 
  284     56.709974     24.551815      8.563523   559    783    784 
  285     63.798721     24.551815      8.563523   560    784    785 
  286     70.887468     24.551815      8.563523   561    785    786 
  287     77.976214     24.551815      8.563523   562    786    787 
  288     85.064961     24.551815      8.563523   563    787    788 
  289     92.153708     24.551815      8.563523   564    788    789 
  290     99.242455     24.551815      8.563523   565    789    790 
  291    106.331202     24.551815      8.563523   566    790    791 
  292    113.419948     24.551815      8.563523   567    791    792 
  293    120.508695     24.551815      8.563523   568    792    793 
  294    127.597442     24.551815      8.563523   569    793    794 
  295    134.686189     24.551815      8.563523   570    794    795 
  296    141.774935     24.551815      8.563523   571    795    796 
  297    148.863682     24.551815      8.563523   572    796    797 
  298    155.952429     24.551815      8.563523   573    797    798 
  299    163.041176     24.551815      8.563523   574    798    799 
  300    170.129922     24.551815      8.563523   575    799    800 
  301     -0.000000     36.827769      8.563523   576    801    825 
  302      7.088747     36.827769      8.563523   577    801    802 
  303     14.177494     36.827769      8.563523   578    802    803 
  304     21.266240     36.827769      8.563523   579    803    804 
  305     28.354987     36.827769      8.563523   580    804    805 
  306     35.443734     36.827769      8.563523   581    805    806 
  307     42.532481     36.827769      8.563523   582    806    807 
  308     49.621227     36.827769      8.563523   583    807    808 
  309     56.709974     36.827769      8.563523   584    808    809 
  310     63.798721     36.827769      8.563523   585    809    810 
  311     70.887468     36.827769      8.563523   586    810    811 
  312     77.976214     36.827769      8.563523   587    811    812 
  313     85.064961     36.827769      8.563523   588    812    813 
  314     92.153708     36.827769      8.563523   589    813    814 
  315     99.242455     36.827769      8.563523   590    814    815 
  316    106.331202     36.827769      8.563523   591    815    816 
  317    113.419948     36.827769      8.563523   592    816    817 
  318    120.508695     36.827769      8.563523   593    817    818 
  319    127.597442     36.827769      8.563523   594    818    819 
  320    134.686189     36.827769      8.563523   595    819    820 
  321    141.774935     36.827769      8.563523   596    820    821 
  322    148.863682     36.827769      8.563523   597    821    822 
  323    155.952429     36.827769      8.563523   598    822    823 
  324    163.041176     36.827769      8.563523   599    823    824 
  325    170.129922     36.827769      8.563523   600    824    825 
  326     -0.000000     49.103722      8.563523   601    826    850 
  327      7.088747     49.103722      8.563523   602    826    827 
  328     14.177494     49.103722      8.563523   603    827    828 
  329     21.266240     49.103722      8.563523   604    828    829 
  330     28.354987     49.103722      8.563523   605    829    830 
  331     35.443734     49.103722      8.563523   606    830    831 
  332     42.532481     49.103722      8.563523   607    831    832 
  333     49.621227     49.103722      8.563523   608    832    833 
  334     56.709974     49.103722      8.563523   609    833    834 
  335     63.798721     49.103722      8.563523   610    834    835 
  336     70.887468     49.103722      8.563523   611    835    836 
  337     77.976214     49.103722      8.563523   612    836    837 
  338     85.064961     49.103722      8.563523   613    837    838 
  339     92.153708     49.103722      8.563523   614    838    839 
  340     99.242455     49.103722      8.563523   615    839    840 
  341    106.331202     49.103722      8.563523   616    840    841 
  342    113.419948     49.103722      8.563523   617    841    842 
  343    120.508695     49.103722      8.563523   618    842    843 
  344    127.597442     49.103722      8.563523   619    843    844 
  345    134.686189     49.103722      8.563523   620    844    845 
  346    141.774935     49.103722      8.563523   621    845    846 
  347    148.863682     49.103722      8.563523   622    846    847 
  348    155.952429     49.103722      8.563523   623    847    848 
  349    163.041176     49.103722      8.563523   624    848    849 
  350    170.129922     49.103722      8.563523   625    849    850 
  351     -0.000000     61.379676      8.563523   626    851    875 
  352      7.088747     61.379676      8.563523   627    851    852 
  353     14.177494     61.379676      8.563523   628    852    853 
  354     21.266240     61.379676      8.563523   629    853    854 
  355     28.354987     61.379676      8.563523   630    854    855 
  356     35.443734     61.379676      8.563523   631    855    856 
  357     42.532481     61.379676      8.563523   632    856    857 
  358     49.621227     61.379676      8.563523   633    857    858 
  359     56.709974     61.379676      8.563523   634    858    859 
  360     63.798721     61.379676      8.563523   635    859    860 
  361     70.887468     61.379676      8.563523   636    860    861 
  362     77.976214     61.379676      8.563523   637    861    862 
  363     85.064961     61.379676      8.563523   638    862    863 
  364     92.153708     61.379676      8.563523   639    863    864 
  365     99.242455     61.379676      8.563523   640    864    865 
  366    106.331202     61.379676      8.563523   641    865    866 
  367    113.419948     61.379676      8.563523   642    866    867 
  368    120.508695     61.379676      8.563523   643    867    868 
  369    127.597442     61.379676      8.563523   644    868    869 
  370    134.686189     61.379676      8.563523   645    869    870 
  371    141.774935     61.379676      8.563523   646    870    871 
  372    148.863682     61.379676      8.563523   647    871    872 
  373    155.952429     61.379676      8.563523   648    872    873 
  374    163.041176     61.379676      8.563523   649    873    874 
  375    170.129922     61.379676      8.563523   650    874    875 
  376     -0.000000     73.655629      8.563523   651    876    900 
  377      7.088747     73.655629      8.563523   652    876    877 
  378     14.177494     73.655629      8.563523   653    877    878 
  379     21.266240     73.655629      8.563523   654    878    879 
  380     28.354987     73.655629      8.563523   655    879    880 
  381     35.443734     73.655629      8.563523   656    880    881 
  382     42.532481     73.655629      8.563523   657    881    882 
  383     49.621227     73.655629      8.563523   658    882    883 
  384     56.709974     73.655629      8.563523   659    883    884 
  385     63.798721     73.655629      8.563523   660    884    885 
  386     70.887468     73.655629      8.563523   661    885    886 
  387     77.976214     73.655629      8.563523   662    886    887 
  388     85.064961     73.655629      8.563523   663    887    888 
  389     92.153708     73.655629      8.563523   664    888    889 
  390     99.242455     73.655629      8.563523   665    889    890 
  391    106.331202     73.655629      8.563523   666    890    891 
  392    113.419948     73.655629      8.563523   667    891    892 
  393    120.508695     73.655629      8.563523   668    892    893 
  394    127.597442     73.655629      8.563523   669    893    894 
  395    134.686189     73.655629      8.563523   670    894    895 
  396    141.774935     73.655629      8.563523   671    895    896 
  397    148.863682     73.655629      8.563523   672    896    897 
  398    155.952429     73.655629      8.563523   673    897    898 
  399    163.041176     73.655629      8.563523   674    898    899 
  400    170.129922     73.655629      8.563523   675    899    900 
  401     -0.000000     85.931582      8.563523   676    901    925 
  402      7.088747     85.931582      8.563523   677    901    902 
  403     14.177494     85.931582      8.563523   678    902    903 
  404     21.266240     85.931582      8.563523   679    903    904 
  405     28.354987     85.931582      8.563523   680    904    905 
  406     35.443734     85.931582      8.563523   681    905    906 
  407     42.532481     85.931582      8.563523   682    906    907 
  408     49.621227     85.931582      8.563523   683    907    908 
  409     56.709974     85.931582      8.563523   684    908    909 
  410     63.798721     85.931582      8.563523   685    909    910 
  411     70.887468     85.931582      8.563523   686    910    911 
  412     77.976214     85.931582      8.563523   687    911    912 
  413     85.064961     85.931582      8.563523   688    912    913 
  414     92.153708     85.931582      8.563523   689    913    914 
  415     99.242455     85.931582      8.563523   690    914    915 
  416    106.331202     85.931582      8.563523   691    915    916 
  417    113.419948     85.931582      8.563523   692    916    917 
  418    120.508695     85.931582      8.563523   693    917    918 
  419    127.597442     85.931582      8.563523   694    918    919 
  420    134.686189     85.931582      8.563523   695    919    920 
  421    141.774935     85.931582      8.563523   696    920    921 
  422    148.863682     85.931582      8.563523   697    921    922 
  423    155.952429     85.931582      8.563523   698    922    923 
  424    163.041176     85.931582      8.563523   699    923    924 
  425    170.129922     85.931582      8.563523   700    924    925 
  426     -0.000000     98.207536      8.563523   701    926    950 
  427      7.088747     98.207536      8.563523   702    926    927 
  428     14.177494     98.207536      8.563523   703    927    928 
  429     21.266240     98.207536      8.563523   704    928    929 
  430     28.354987     98.207536      8.563523   705    929    930 
  431     35.443734     98.207536      8.563523   706    930    931 
  432     42.532481     98.207536      8.563523   707    931    932 
  433     49.621227     98.207536      8.563523   708    932    933 
  434     56.709974     98.207536      8.563523   709    933    934 
  435     63.798721     98.207536      8.563523   710    934    935 
  436     70.887468     98.207536      8.563523   711    935    936 
  437     77.976214     98.207536      8.563523   712    936    937 
  438     85.064961     98.207536      8.563523   713    937    938 
  439     92.153708     98.207536      8.563523   714    938    939 
  440     99.242455     98.207536      8.563523   715    939    940 
  441    106.331202     98.207536      8.563523   716    940    941 
  442    113.419948     98.207536      8.563523   717    941    942 
  443    120.508695     98.207536      8.563523   718    942    943 
  444    127.597442     98.207536      8.563523   719    943    944 
  445    134.686189     98.207536      8.563523   720    944    945 
  446    141.774935     98.207536      8.563523   721    945    946 
  447    148.863682     98.207536      8.563523   722    946    947 
  448    155.952429     98.207536      8.563523   723    947    948 
  449    163.041176     98.207536      8.563523   724    948    949 
  450    170.129922     98.207536      8.563523   725    949    950 
  451     -0.000000    110.483489      8.563523   726    951    975 
  452      7.088747    110.483489      8.563523   727    951    952 
  453     14.177494    110.483489      8.563523   728    952    953 
  454     21.266240    110.483489      8.563523   729    953    954 
  455     28.354987    110.483489      8.563523   730    954    955 
  456     35.443734    110.483489      8.563523   731    955    956 
  457     42.532481    110.483489      8.563523   732    956    957 
  458     49.621227    110.483489      8.563523   733    957    958 
  459     56.709974    110.483489      8.563523   734    958    959 
  460     63.798721    110.483489      8.563523   735    959    960 
  461     70.887468    110.483489      8.563523   736    960    961 
  462     77.976214    110.483489      8.563523   737    961    962 
  463     85.064961    110.483489      8.563523   738    962    963 
  464     92.153708    110.483489      8.563523   739    963    964 
  465     99.242455    110.483489      8.563523   740    964    965 
  466    106.331202    110.483489      8.563523   741    965    966 
  467    113.419948    110.483489      8.563523   742    966    967 
  468    120.508695    110.483489      8.563523   743    967    968 
  469    127.597442    110.483489      8.563523   744    968    969 
  470    134.686189    110.483489      8.563523   745    969    970 
  471    141.774935    110.483489      8.563523   746    970    971 
  472    148.863682    110.483489      8.563523   747    971    972 
  473    155.952429    110.483489      8.563523   748    972    973 
  474    163.041176    110.483489      8.563523   749    973    974 
  475    170.129922    110.483489      8.563523   750    974    975 
  476     -0.000000    122.759443      8.563523   501    976   1000 
  477      7.088747    122.759443      8.563523   502    976    977 
  478     14.177494    122.759443      8.563523   503    977    978 
  479     21.266240    122.759443      8.563523   504    978    979 
  480     28.354987    122.759443      8.563523   505    979    980 
  481     35.443734    122.759443      8.563523   506    980    981 
  482     42.532481    122.759443      8.563523   507    981    982 
  483     49.621227    122.759443      8.563523   508    982    983 
  484     56.709974    122.759443      8.563523   509    983    984 
  485     63.798721    122.759443      8.563523   510    984    985 
  486     70.887468    122.759443      8.563523   511    985    986 
  487     77.976214    122.759443      8.563523   512    986    987 
  488     85.064961    122.759443      8.563523   513    987    988 
  489     92.153708    122.759443      8.563523   514    988    989 
  490     99.242455    122.759443      8.563523   515    989    990 
  491    106.331202    122.759443      8.563523   516    990    991 
  492    113.419948    122.759443      8.563523   517    991    992 
  493    120.508695    122.759443      8.563523   518    992    993 
  494    127.597442    122.759443      8.563523   519    993    994 
  495    134.686189    122.759443      8.563523   520    994    995 
  496    141.774935    122.759443      8.563523   521    995    996 
  497    148.863682    122.759443      8.563523   522    996    997 
  498    155.952429    122.759443      8.563523   523    997    998 
  499    163.041176    122.759443      8.563523   524    998    999 
  500    170.129922    122.759443      8.563523   525    999   1000 
  501     -0.000000      4.092169      8.563524     1     25    476 
  502      7.088747      4.092169      8.563524     1      2    477 
  503     14.177494      4.092169      8.563524     2      3    478 
  504     21.266240      4.092169      8.563524     3      4    479 
  505     28.354987      4.092169      8.563524     4      5    480 
  506     35.443734      4.092169      8.563524     5      6    481 
  507     42.532481      4.092169      8.563524     6      7    482 
  508     49.621227      4.092169      8.563524     7      8    483 
  509     56.709974      4.092169      8.563524     8      9    484 
  510     63.798721      4.092169      8.563524     9     10    485 
  511     70.887468      4.092169      8.563524    10     11    486 
  512     77.976214      4.092169      8.563524    11     12    487 
  513     85.064961      4.092169      8.563524    12     13    488 
  514     92.153708      4.092169      8.563524    13     14    489 
  515     99.242455      4.092169      8.563524    14     15    490 
  516    106.331202      4.092169      8.563524    15     16    491 
  517    113.419948      4.092169      8.563524    16     17    492 
  518    120.508695      4.092169      8.563524    17     18    493 
  519    127.597442      4.092169      8.563524    18     19    494 
  520    134.686189      4.092169      8.563524    19     20    495 
  521    141.774935      4.092169      8.563524    20     21    496 
  522    148.863682      4.092169      8.563524    21     22    497 
  523    155.952429      4.092169      8.563524    22     23    498 
  524    163.041176      4.092169      8.563524    23     24    499 
  525    170.129922      4.092169      8.563524    24     25    500 
  526     -0.000000     16.368122      8.563524    26     50    251 
  527      7.088747     16.368122      8.563524    26     27    252 
  528     14.177494     16.368122      8.563524    27     28    253 
  529     21.266240     16.368122      8.563524    28     29    254 
  530     28.354987     16.368122      8.563524    29     30    255 
  531     35.443734     16.368122      8.563524    30     31    256 
  532     42.532481     16.368122      8.563524    31     32    257 
  533     49.621227     16.368122      8.563524    32     33    258 
  534     56.709974     16.368122      8.563524    33     34    259 
  535     63.798721     16.368122      8.563524    34     35    260 
  536     70.887468     16.368122      8.563524    35     36    261 
  537     77.976214     16.368122      8.563524    36     37    262 
  538     85.064961     16.368122      8.563524    37     38    263 
  539     92.153708     16.368122      8.563524    38     39    264 
  540     99.242455     16.368122      8.563524    39     40    265 
  541    106.331202     16.368122      8.563524    40     41    266 
  542    113.419948     16.368122      8.563524    41     42    267 
  543    120.508695     16.368122      8.563524    42     43    268 
  544    127.597442     16.368122      8.563524    43     44    269 
  545    134.686189     16.368122      8.563524    44     45    270 
  546    141.774935     16.368122      8.563524    45     46    271 
  547    148.863682     16.368122      8.563524    46     47    272 
  548    155.952429     16.368122      8.563524    47     48    273 
  549    163.041176     16.368122      8.563524    48     49    274 
  550    170.129922     16.368122      8.563524    49     50    275 
  551     -0.000000     28.644076      8.563524    51     75    276 
  552      7.088747     28.644076      8.563524    51     52    277 
  553     14.177494     28.644076      8.563524    52     53    278 
  554     21.266240     28.644076      8.563524    53     54    279 
  555     28.354987     28.644076      8.563524    54     55    280 
  556     35.443734     28.644076      8.563524    55     56    281 
  557     42.532481     28.644076      8.563524    56     57    282 
  558     49.621227     28.644076      8.563524    57     58    283 
  559     56.709974     28.644076      8.563524    58     59    284 
  560     63.798721     28.644076      8.563524    59     60    285 
  561     70.887468     28.644076      8.563524    60     61    286 
  562     77.976214     28.644076      8.563524    61     62    287 
  563     85.064961     28.644076      8.563524    62     63    288 
  564     92.153708     28.644076      8.563524    63     64    289 
  565     99.242455     28.644076      8.563524    64     65    290 
  566    106.331202     28.644076      8.563524    65     66    291 
  567    113.419948     28.644076      8.563524    66     67    292 
  568    120.508695     28.644076      8.563524    67     68    293 
  569    127.597442     28.644076      8.563524    68     69    294 
  570    134.686189     28.644076      8.563524    69     70    295 
  571    141.774935     28.644076      8.563524    70     71    296 
  572    148.863682     28.644076      8.563524    71     72    297 
  573    155.952429     28.644076      8.563524    72     73    298 
  574    163.041176     28.644076      8.563524    73     74    299 
  575    170.129922     28.644076      8.563524    74     75    300 
  576     -0.000000     40.920029      8.563524    76    100    301 
  577      7.088747     40.920029      8.563524    76     77    302 
  578     14.177494     40.920029      8.563524    77     78    303 
  579     21.266240     40.920029      8.563524    78     79    304 
  580     28.354987     40.920029      8.563524    79     80    305 
  581     35.443734     40.920029      8.563524    80     81    306 
  582     42.532481     40.920029      8.563524    81     82    307 
  583     49.621227     40.920029      8.563524    82     83    308 
  584     56.709974     40.920029      8.563524    83     84    309 
  585     63.798721     40.920029      8.563524    84     85    310 
  586     70.887468     40.920029      8.563524    85     86    311 
  587     77.976214     40.920029      8.563524    86     87    312 
  588     85.064961     40.920029      8.563524    87     88    313 
  589     92.153708     40.920029      8.563524    88     89    314 
  590     99.242455     40.920029      8.563524    89     90    315 
  591    106.331202     40.920029      8.563524    90     91    316 
  592    113.419948     40.920029      8.563524    91     92    317 
  593    120.508695     40.920029      8.563524    92     93    318 
  594    127.597442     40.920029      8.563524    93     94    319 
  595    134.686189     40.920029      8.563524    94     95    320 
  596    141.774935     40.920029      8.563524    95     96    321 
  597    148.863682     40.920029      8.563524    96     97    322 
  598    155.952429     40.920029      8.563524    97     98    323 
  599    163.041176     40.920029      8.563524    98     99    324 
  600    170.129922     40.920029      8.563524    99    100    325 
  601     -0.000000     53.195982      8.563524   101    125    326 
  602      7.088747     53.195982      8.563524   101    102    327 
  603     14.177494     53.195982      8.563524   102    103    328 
  604     21.266240     53.195982      8.563524   103    104    329 
  605     28.354987     53.195982      8.563524   104    105    330 
  606     35.443734     53.195982      8.563524   105    106    331 
  607     42.532481     53.195982      8.563524   106    107    332 
  608     49.621227     53.195982      8.563524   107    108    333 
  609     56.709974     53.195982      8.563524   108    109    334 
  610     63.798721     53.195982      8.563524   109    110    335 
  611     70.887468     53.195982      8.563524   110    111    336 
  612     77.976214     53.195982      8.563524   111    112    337 
  613     85.064961     53.195982      8.563524   112    113    338 
  614     92.153708     53.195982      8.563524   113    114    339 
  615     99.242455     53.195982      8.563524   114    115    340 
  616    106.331202     53.195982      8.563524   115    116    341 
  617    113.419948     53.195982      8.563524   116    117    342 
  618    120.508695     53.195982      8.563524   117    118    343 
  619    127.597442     53.195982      8.563524   118    119    344 
  620    134.686189     53.195982      8.563524   119    120    345 
  621    141.774935     53.195982      8.563524   120    121    346 
  622    148.863682     53.195982      8.563524   121    122    347 
  623    155.952429     53.195982      8.563524   122    123    348 
  624    163.041176     53.195982      8.563524   123    124    349 
  625    170.129922     53.195982      8.563524   124    125    350 
  626     -0.000000     65.471936      8.563524   126    150    351 
  627      7.088747     65.471936      8.563524   126    127    352 
  628     14.177494     65.471936      8.563524   127    128    353 
  629     21.266240     65.471936      8.563524   128    129    354 
  630     28.354987     65.471936      8.563524   129    130    355 
  631     35.443734     65.471936      8.563524   130    131    356 
  632     42.532481     65.471936      8.563524   131    132    357 
  633     49.621227     65.471936      8.563524   132    133    358 
  634     56.709974     65.471936      8.563524   133    134    359 
  635     63.798721     65.471936      8.563524   134    135    360 
  636     70.887468     65.471936      8.563524   135    136    361 
  637     77.976214     65.471936      8.563524   136    137    362 
  638     85.064961     65.471936      8.563524   137    138    363 
  639     92.153708     65.471936      8.563524   138    139    364 
  640     99.242455     65.471936      8.563524   139    140    365 
  641    106.331202     65.471936      8.563524   140    141    366 
  642    113.419948     65.471936      8.563524   141    142    367 
  643    120.508695     65.471936      8.563524   142    143    368 
  644    127.597442     65.471936      8.563524   143    144    369 
  645    134.686189     65.471936      8.563524   144    145    370 
  646    141.774935     65.471936      8.563524   145    146    371 
  647    148.863682     65.471936      8.563524   146    147    372 
  648    155.952429     65.471936      8.563524   147    148    373 
  649    163.041176     65.471936      8.563524   148    149    374 
  650    170.129922     65.471936      8.563524   149    150    375 
  651     -0.000000     77.747889      8.563524   151    175    376 
  652      7.088747     77.747889      8.563524   151    152    377 
  653     14.177494     77.747889      8.563524   152    153    378 
  654     21.266240     77.747889      8.563524   153    154    379 
  655     28.354987     77.747889      8.563524   154    155    380 
  656     35.443734     77.747889      8.563524   155    156    381 
  657     42.532481     77.747889      8.563524   156    157    382 
  658     49.621227     77.747889      8.563524   157    158    383 
  659     56.709974     77.747889      8.563524   158    159    384 
  660     63.798721     77.747889      8.563524   159    160    385 
  661     70.887468     77.747889      8.563524   160    161    386 
  662     77.976214     77.747889      8.563524   161    162    387 
  663     85.064961     77.747889      8.563524   162    163    388 
  664     92.153708     77.747889      8.563524   163    164    389 
  665     99.242455     77.747889      8.563524   164    165    390 
  666    106.331202     77.747889      8.563524   165    166    391 
  667    113.419948     77.747889      8.563524   166    167    392 
  668    120.508695     77.747889      8.563524   167    168    393 
  669    127.597442     77.747889      8.563524   168    169    394 
  670    134.686189     77.747889      8.563524   169    170    395 
  671    141.774935     77.747889      8.563524   170    171    396 
  672    148.863682     77.747889      8.563524   171    172    397 
  673    155.952429     77.747889      8.563524   172    173    398 
  674    163.041176     77.747889      8.563524   173    174    399 
  675    170.129922     77.747889      8.563524   174    175    400 
  676     -0.000000     90.023843      8.563524   176    200    401 
  677      7.088747     90.023843      8.563524   176    177    402 
  678     14.177494     90.023843      8.563524   177    178    403 
  679     21.266240     90.023843      8.563524   178    179    404 
  680     28.354987     90.023843      8.563524   179    180    405 
  681     35.443734     90.023843      8.563524   180    181    406 
  682     42.532481     90.023843      8.563524   181    182    407 
  683     49.621227     90.023843      8.563524   182    183    408 
  684     56.709974     90.023843      8.563524   183    184    409 
  685     63.798721     90.023843      8.563524   184    185    410 
  686     70.887468     90.023843      8.563524   185    186    411 
  687     77.976214     90.023843      8.563524   186    187    412 
  688     85.064961     90.023843      8.563524   187    188    413 
  689     92.153708     90.023843      8.563524   188    189    414 
  690     99.242455     90.023843      8.563524   189    190    415 
  691    106.331202     90.023843      8.563524   190    191    416 
  692    113.419948     90.023843      8.563524   191    192    417 
  693    120.508695     90.023843      8.563524   192    193    418 
  694    127.597442     90.023843      8.563524   193    194    419 
  695    134.686189     90.023843      8.563524   194    195    420 
  696    141.774935     90.023843      8.563524   195    196    421 
  697    148.863682     90.023843      8.563524   196    197    422 
  698    155.952429     90.023843      8.563524   197    198    423 
  699    163.041176     90.023843      8.563524   198    199    424 
  700    170.129922     90.023843      8.563524   199    200    425 
  701     -0.000000    102.299796      8.563524   201    225    426 
  702      7.088747    102.299796      8.563524   201    202    427 
  703     14.177494    102.299796      8.563524   202    203    428 
  704     21.266240    102.299796      8.563524   203    204    429 
  705     28.354987    102.299796      8.563524   204    205    430 
  706     35.443734    102.299796      8.563524   205    206    431 
  707     42.532481    102.299796      8.563524   206    207    432 
  708     49.621227    102.299796      8.563524   207    208    433 
  709     56.709974    102.299796      8.563524   208    209    434 
  710     63.798721    102.299796      8.563524   209    210    435 
  711     70.887468    102.299796      8.563524   210    211    436 
  712     77.976214    102.299796      8.563524   211    212    437 
  713     85.064961    102.299796      8.563524   212    213    438 
  714     92.153708    102.299796      8.563524   213    214    439 
  715     99.242455    102.299796      8.563524   214    215    440 
  716    106.331202    102.299796      8.563524   215    216    441 
  717    113.419948    102.299796      8.563524   216    217    442 
  718    120.508695    102.299796      8.563524   217    218    443 
  719    127.597442    102.299796      8.563524   218    219    444 
  720    134.686189    102.299796      8.563524   219    220    445 
  721    141.774935    102.299796      8.563524   220    221    446 
  722    148.863682    102.299796      8.563524   221    222    447 
  723    155.952429    102.299796      8.563524   222    223    448 
  724    163.041176    102.299796      8.563524   223    224    449 
  725    170.129922    102.299796      8.563524   224    225    450 
  726     -0.000000    114.575750      8.563524   226    250    451 
  727      7.088747    114.575750      8.563524   226    227    452 
  728     14.177494    114.575750      8.563524   227    228    453 
  729     21.266240    114.575750      8.563524   228    229    454 
  730     28.354987    114.575750      8.563524   229    230    455 
  731     35.443734    114.575750      8.563524   230    231    456 
  732     42.532481    114.575750      8.563524   231    232    457 
  733     49.621227    114.575750      8.563524   232    233    458 
  734     56.709974    114.575750      8.563524   233    234    459 
  735     63.798721    114.575750      8.563524   234    235    460 
  736     70.887468    114.575750      8.563524   235    236    461 
  737     77.976214    114.575750      8.563524   236    237    462 
  738     85.064961    114.575750      8.563524   237    238    463 
  739     92.153708    114.575750      8.563524   238    239    464 
  740     99.242455    114.575750      8.563524   239    240    465 
  741    106.331202    114.575750      8.563524   240    241    466 
  742    113.419948    114.575750      8.563524   241    242    467 
  743    120.508695    114.575750      8.563524   242    243    468 
  744    127.597442    114.575750      8.563524   243    244    469 
  745    134.686189    114.575750      8.563524   244    245    470 
  746    141.774935    114.575750      8.563524   245    246    471 
  747    148.863682    114.575750      8.563524   246    247    472 
  748    155.952429    114.575750      8.563524   247    248    473 
  749    163.041176    114.575750      8.563524   248    249    474 
  750    170.129922    114.575750      8.563524   249    250    475 
  751      3.544176     10.230145      8.563524     1    251    252 
  752     10.632923     10.230145      8.563524     2    252    253 
  753     17.721669     10.230145      8.563524     3    253    254 
  754     24.810416     10.230145      8.563524     4    254    255 
  755     31.899163     10.230145      8.563524     5    255    256 
  756     38.987910     10.230145      8.563524     6    256    257 
  757     46.076656     10.230145      8.563524     7    257    258 
  758     53.165403     10.230145      8.563524     8    258    259 
  759     60.254150     10.230145      8.563524     9    259    260 
  760     67.342897     10.230145      8.563524    10    260    261 
  761     74.431643     10.230145      8.563524    11    261    262 
  762     81.520390     10.230145      8.563524    12    262    263 
  763     88.609137     10.230145      8.563524    13    263    264 
  764     95.697884     10.230145      8.563524    14    264    265 
  765    102.786631     10.230145      8.563524    15    265    266 
  766    109.875377     10.230145      8.563524    16    266    267 
  767    116.964124     10.230145      8.563524    17    267    268 
  768    124.052871     10.230145      8.563524    18    268    269 
  769    131.141618     10.230145      8.563524    19    269    270 
  770    138.230364     10.230145      8.563524    20    270    271 
  771    145.319111     10.230145      8.563524    21    271    272 
  772    152.407858     10.230145      8.563524    22    272    273 
  773    159.496605     10.230145      8.563524    23    273    274 
  774    166.585351     10.230145      8.563524    24    274    275 
  775    173.674098     10.230145      8.563524    25    251    275 
  776      3.544176     22.506099      8.563524    26    276    277 
  777     10.632923     22.506099      8.563524    27    277    278 
  778     17.721669     22.506099      8.563524    28    278    279 
  779     24.810416     22.506099      8.563524    29    279    280 
  780     31.899163     22.506099      8.563524    30    280    281 
  781     38.987910     22.506099      8.563524    31    281    282 
  782     46.076656     22.506099      8.563524    32    282    283 
  783     53.165403     22.506099      8.563524    33    283    284 
  784     60.254150     22.506099      8.563524    34    284    285 
  785     67.342897     22.506099      8.563524    35    285    286 
  786     74.431643     22.506099      8.563524    36    286    287 
  787     81.520390     22.506099      8.563524    37    287    288 
  788     88.609137     22.506099      8.563524    38    288    289 
  789     95.697884     22.506099      8.563524    39    289    290 
  790    102.786631     22.506099      8.563524    40    290    291 
  791    109.875377     22.506099      8.563524    41    291    292 
  792    116.964124     22.506099      8.563524    42    292    293 
  793    124.052871     22.506099      8.563524    43    293    294 
  794    131.141618     22.506099      8.563524    44    294    295 
  795    138.230364     22.506099      8.563524    45    295    296 
  796    145.319111     22.506099      8.563524    46    296    297 
  797    152.407858     22.506099      8.563524    47    297    298 
  798    159.496605     22.506099      8.563524    48    298    299 
  799    166.585351     22.506099      8.563524    49    299    300 
  800    173.674098     22.506099      8.563524    50    276    300 
  801      3.544176     34.782052      8.563524    51    301    302 
  802     10.632923     34.782052      8.563524    52    302    303 
  803     17.721669     34.782052      8.563524    53    303    304 
  804     24.810416     34.782052      8.563524    54    304    305 
  805     31.899163     34.782052      8.563524    55    305    306 
  806     38.987910     34.782052      8.563524    56    306    307 
  807     46.076656     34.782052      8.563524    57    307    308 
  808     53.165403     34.782052      8.563524    58    308    309 
  809     60.254150     34.782052      8.563524    59    309    310 
  810     67.342897     34.782052      8.563524    60    310    311 
  811     74.431643     34.782052      8.563524    61    311    312 
  812     81.520390     34.782052      8.563524    62    312    313 
  813     88.609137     34.782052      8.563524    63    313    314 
  814     95.697884     34.782052      8.563524    64    314    315 
  815    102.786631     34.782052      8.563524    65    315    316 
  816    109.875377     34.782052      8.563524    66    316    317 
  817    116.964124     34.782052      8.563524    67    317    318 
  818    124.052871     34.782052      8.563524    68    318    319 
  819    131.141618     34.782052      8.563524    69    319    320 
  820    138.230364     34.782052      8.563524    70    320    321 
  821    145.319111     34.782052      8.563524    71    321    322 
  822    152.407858     34.782052      8.563524    72    322    323 
  823    159.496605     34.782052      8.563524    73    323    324 
  824    166.585351     34.782052      8.563524    74    324    325 
  825    173.674098     34.782052      8.563524    75    301    325 
  826      3.544176     47.058006      8.563524    76    326    327 
  827     10.632923     47.058006      8.563524    77    327    328 
  828     17.721669     47.058006      8.563524    78    328    329 
  829     24.810416     47.058006      8.563524    79    329    330 
  830     31.899163     47.058006      8.563524    80    330    331 
  831     38.987910     47.058006      8.563524    81    331    332 
  832     46.076656     47.058006      8.563524    82    332    333 
  833     53.165403     47.058006      8.563524    83    333    334 
  834     60.254150     47.058006      8.563524    84    334    335 
  835     67.342897     47.058006      8.563524    85    335    336 
  836     74.431643     47.058006      8.563524    86    336    337 
  837     81.520390     47.058006      8.563524    87    337    338 
  838     88.609137     47.058006      8.563524    88    338    339 
  839     95.697884     47.058006      8.563524    89    339    340 
  840    102.786631     47.058006      8.563524    90    340    341 
  841    109.875377     47.058006      8.563524    91    341    342 
  842    116.964124     47.058006      8.563524    92    342    343 
  843    124.052871     47.058006      8.563524    93    343    344 
  844    131.141618     47.058006      8.563524    94    344    345 
  845    138.230364     47.058006      8.563524    95    345    346 
  846    145.319111     47.058006      8.563524    96    346    347 
  847    152.407858     47.058006      8.563524    97    347    348 
  848    159.496605     47.058006      8.563524    98    348    349 
  849    166.585351     47.058006      8.563524    99    349    350 
  850    173.674098     47.058006      8.563524   100    326    350 
  851      3.544176     59.333959      8.563524   101    351    352 
  852     10.632923     59.333959      8.563524   102    352    353 
  853     17.721669     59.333959      8.563524   103    353    354 
  854     24.810416     59.333959      8.563524   104    354    355 
  855     31.899163     59.333959      8.563524   105    355    356 
  856     38.987910     59.333959      8.563524   106    356    357 
  857     46.076656     59.333959      8.563524   107    357    358 
  858     53.165403     59.333959      8.563524   108    358    359 
  859     60.254150     59.333959      8.563524   109    359    360 
  860     67.342897     59.333959      8.563524   110    360    361 
  861     74.431643     59.333959      8.563524   111    361    362 
  862     81.520390     59.333959      8.563524   112    362    363 
  863     88.609137     59.333959      8.563524   113    363    364 
  864     95.697884     59.333959      8.563524   114    364    365 
  865    102.786631     59.333959      8.563524   115    365    366 
  866    109.875377     59.333959      8.563524   116    366    367 
  867    116.964124     59.333959      8.563524   117    367    368 
  868    124.052871     59.333959      8.563524   118    368    369 
  869    131.141618     59.333959      8.563524   119    369    370 
  870    138.230364     59.333959      8.563524   120    370    371 
  871    145.319111     59.333959      8.563524   121    371    372 
  872    152.407858     59.333959      8.563524   122    372    373 
  873    159.496605     59.333959      8.563524   123    373    374 
  874    166.585351     59.333959      8.563524   124    374    375 
  875    173.674098     59.333959      8.563524   125    351    375 
  876      3.544176     71.609913      8.563524   126    376    377 
  877     10.632923     71.609913      8.563524   127    377    378 
  878     17.721669     71.609913      8.563524   128    378    379 
  879     24.810416     71.609913      8.563524   129    379    380 
  880     31.899163     71.609913      8.563524   130    380    381 
  881     38.987910     71.609913      8.563524   131    381    382 
  882     46.076656     71.609913      8.563524   132    382    383 
  883     53.165403     71.609913      8.563524   133    383    384 
  884     60.254150     71.609913      8.563524   134    384    385 
  885     67.342897     71.609913      8.563524   135    385    386 
  886     74.431643     71.609913      8.563524   136    386    387 
  887     81.520390     71.609913      8.563524   137    387    388 
  888     88.609137     71.609913      8.563524   138    388    389 
  889     95.697884     71.609913      8.563524   139    389    390 
  890    102.786631     71.609913      8.563524   140    390    391 
  891    109.875377     71.609913      8.563524   141    391    392 
  892    116.964124     71.609913      8.563524   142    392    393 
  893    124.052871     71.609913      8.563524   143    393    394 
  894    131.141618     71.609913      8.563524   144    394    395 
  895    138.230364     71.609913      8.563524   145    395    396 
  896    145.319111     71.609913      8.563524   146    396    397 
  897    152.407858     71.609913      8.563524   147    397    398 
  898    159.496605     71.609913      8.563524   148    398    399 
  899    166.585351     71.609913      8.563524   149    399    400 
  900    173.674098     71.609913      8.563524   150    376    400 
  901      3.544176     83.885866      8.563524   151    401    402 
  902     10.632923     83.885866      8.563524   152    402    403 
  903     17.721669     83.885866      8.563524   153    403    404 
  904     24.810416     83.885866      8.563524   154    404    405 
  905     31.899163     83.885866      8.563524   155    405    406 
  906     38.987910     83.885866      8.563524   156    406    407 
  907     46.076656     83.885866      8.563524   157    407    408 
  908     53.165403     83.885866      8.563524   158    408    409 
  909     60.254150     83.885866      8.563524   159    409    410 
  910     67.342897     83.885866      8.563524   160    410    411 
  911     74.431643     83.885866      8.563524   161    411    412 
  912     81.520390     83.885866      8.563524   162    412    413 
  913     88.609137     83.885866      8.563524   163    413    414 
  914     95.697884     83.885866      8.563524   164    414    415 
  915    102.786631     83.885866      8.563524   165    415    416 
  916    109.875377     83.885866      8.563524   166    416    417 
  917    116.964124     83.885866      8.563524   167    417    418 
  918    124.052871     83.885866      8.563524   168    418    419 
  919    131.141618     83.885866      8.563524   169    419    420 
  920    138.230364     83.885866      8.563524   170    420    421 
  921    145.319111     83.885866      8.563524   171    421    422 
  922    152.407858     83.885866      8.563524   172    422    423 
  923    159.496605     83.885866      8.563524   173    423    424 
  924    166.585351     83.885866      8.563524   174    424    425 
  925    173.674098     83.885866      8.563524   175    401    425 
  926      3.544176     96.161819      8.563524   176    426    427 
  927     10.632923     96.161819      8.563524   177    427    428 
  928     17.721669     96.161819      8.563524   178    428    429 
  929     24.810416     96.161819      8.563524   179    429    430 
  930     31.899163     96.161819      8.563524   180    430    431 
  931     38.987910     96.161819      8.563524   181    431    432 
  932     46.076656     96.161819      8.563524   182    432    433 
  933     53.165403     96.161819      8.563524   183    433    434 
  934     60.254150     96.161819      8.563524   184    434    435 
  935     67.342897     96.161819      8.563524   185    435    436 
  936     74.431643     96.161819      8.563524   186    436    437 
  937     81.520390     96.161819      8.563524   187    437    438 
  938     88.609137     96.161819      8.563524   188    438    439 
  939     95.697884     96.161819      8.563524   189    439    440 
  940    102.786631     96.161819      8.563524   190    440    441 
  941    109.875377     96.161819      8.563524   191    441    442 
  942    116.964124     96.161819      8.563524   192    442    443 
  943    124.052871     96.161819      8.563524   193    443    444 
  944    131.141618     96.161819      8.563524   194    444    445 
  945    138.230364     96.161819      8.563524   195    445    446 
  946    145.319111     96.161819      8.563524   196    446    447 
  947    152.407858     96.161819      8.563524   197    447    448 
  948    159.496605     96.161819      8.563524   198    448    449 
  949    166.585351     96.161819      8.563524   199    449    450 
  950    173.674098     96.161819      8.563524   200    426    450 
  951      3.544176    108.437773      8.563524   201    451    452 
  952     10.632923    108.437773      8.563524   202    452    453 
  953     17.721669    108.437773      8.563524   203    453    454 
  954     24.810416    108.437773      8.563524   204    454    455 
  955     31.899163    108.437773      8.563524   205    455    456 
  956     38.987910    108.437773      8.563524   206    456    457 
  957     46.076656    108.437773      8.563524   207    457    458 
  958     53.165403    108.437773      8.563524   208    458    459 
  959     60.254150    108.437773      8.563524   209    459    460 
  960     67.342897    108.437773      8.563524   210    460    461 
  961     74.431643    108.437773      8.563524   211    461    462 
  962     81.520390    108.437773      8.563524   212    462    463 
  963     88.609137    108.437773      8.563524   213    463    464 
  964     95.697884    108.437773      8.563524   214    464    465 
  965    102.786631    108.437773      8.563524   215    465    466 
  966    109.875377    108.437773      8.563524   216    466    467 
  967    116.964124    108.437773      8.563524   217    467    468 
  968    124.052871    108.437773      8.563524   218    468    469 
  969    131.141618    108.437773      8.563524   219    469    470 
  970    138.230364    108.437773      8.563524   220    470    471 
  971    145.319111    108.437773      8.563524   221    471    472 
  972    152.407858    108.437773      8.563524   222    472    473 
  973    159.496605    108.437773      8.563524   223    473    474 
  974    166.585351    108.437773      8.563524   224    474    475 
  975    173.674098    108.437773      8.563524   225    451    475 
  976      3.544176    120.713726      8.563524   226    476    477 
  977     10.632923    120.713726      8.563524   227    477    478 
  978     17.721669    120.713726      8.563524   228    478    479 
  979     24.810416    120.713726      8.563524   229    479    480 
  980     31.899163    120.713726      8.563524   230    480    481 
  981     38.987910    120.713726      8.563524   231    481    482 
  982     46.076656    120.713726      8.563524   232    482    483 
  983     53.165403    120.713726      8.563524   233    483    484 
  984     60.254150    120.713726      8.563524   234    484    485 
  985     67.342897    120.713726      8.563524   235    485    486 
  986     74.431643    120.713726      8.563524   236    486    487 
  987     81.520390    120.713726      8.563524   237    487    488 
  988     88.609137    120.713726      8.563524   238    488    489 
  989     95.697884    120.713726      8.563524   239    489    490 
  990    102.786631    120.713726      8.563524   240    490    491 
  991    109.875377    120.713726      8.563524   241    491    492 
  992    116.964124    120.713726      8.563524   242    492    493 
  993    124.052871    120.713726      8.563524   243    493    494 
  994    131.141618    120.713726      8.563524   244    494    495 
  995    138.230364    120.713726      8.563524   245    495    496 
  996    145.319111    120.713726      8.563524   246    496    497 
  997    152.407858    120.713726      8.563524   247    497    498 
  998    159.496605    120.713726      8.563524   248    498    499 
  999    166.585351    120.713726      8.563524   249    499    500 
 1000    173.674098    120.713726      8.563524   250    476    500 
